0.2	10.7215
0.225	9.41706
0.25	8.45113
0.275	7.02306
0.3	5.7468
0.325	4.71609
0.35	4.20035
0.375	3.76357
0.4	3.43676
0.425	3.24033
0.45	3.26415
0.475	3.36031
0.5	3.52222
0.525	3.70472
0.55	3.64947
0.575	3.53805
0.6	3.26704
0.625	2.93032
0.65	2.54378
0.675	2.26573
0.7	2.00628
0.725	1.84727
0.75	1.68853
0.775	1.62328
0.8	1.60393
0.825	1.55149
0.85	1.53414
0.875	1.56145
0.9	1.52766
0.925	1.51905
0.95	1.45082
0.975	1.40464
1	1.28748
1.025	1.1627
1.05	1.07775
1.075	0.925698
1.1	0.752306
1.125	0.734007
1.15	0.629553
1.175	0.539145
1.2	0.534666
1.225	0.506819
1.25	0.542946
1.275	0.497563
1.3	0.532679
1.325	0.512866
1.35	0.532728
1.375	0.587982
1.4	0.67843
1.425	0.697424
1.45	0.755042
1.475	0.755154
1.5	0.872246
1.525	0.916214
1.55	0.973558
1.575	1.041
1.6	1.04923
1.625	1.13578
1.65	1.12575
1.675	1.2152
1.7	1.25021
1.725	1.28561
1.75	1.30458
1.775	1.2838
1.8	1.26523
1.825	1.2303
1.85	1.21708
1.875	1.15528
1.9	1.08504
1.925	1.03401
1.95	0.948952
1.975	0.823008
2	0.746219
2.025	0.671875
2.05	0.674897
2.075	0.60227
2.1	0.565214
2.125	0.485194
2.15	0.427102
2.175	0.401647
2.2	0.384424
2.225	0.347898
2.25	0.348401
2.275	0.337246
2.3	0.321408
2.325	0.321923
2.35	0.316439
2.375	0.318836
2.4	0.314663
2.425	0.331013
2.45	0.316907
2.475	0.337097
2.5	0.332167
2.525	0.391844
2.55	0.385697
2.575	0.427507
2.6	0.490711
2.625	0.557263
2.65	0.650208
2.675	0.703872
2.7	0.803072
2.725	0.872937
2.75	0.977582
2.775	1.06333
2.8	1.14566
2.825	1.2197
2.85	1.26335
2.875	1.2604
2.9	1.2874
2.925	1.28497
2.95	1.27973
2.975	1.24755
3	1.23654
3.025	1.20468
3.05	1.20086
3.075	1.17667
3.1	1.1353
3.125	1.10818
3.15	1.1117
3.175	1.08984
3.2	1.08187
3.225	1.05805
3.25	1.03955
3.275	1.0338
3.3	1.00711
3.325	0.981167
3.35	0.973054
3.375	0.931904
3.4	0.916829
3.425	0.921593
3.45	0.901582
3.475	0.874911
3.5	0.856605
3.525	0.855473
3.55	0.807811
3.575	0.818014
3.6	0.798757
3.625	0.786498
3.65	0.759232
3.675	0.744397
3.7	0.739499
3.725	0.711171
3.75	0.710935
3.775	0.716541
3.8	0.696764
3.825	0.679264
3.85	0.644177
3.875	0.648378
3.9	0.669335
3.925	0.6655
3.95	0.620915
3.975	0.604403
4	0.621359
4.025	0.622333
4.05	0.609893
4.075	0.613766
4.1	0.606031
4.125	0.590319
4.15	0.613168
4.175	0.633567
4.2	0.630459
4.225	0.6364
4.25	0.64349
4.275	0.674431
4.3	0.667259
4.325	0.676843
4.35	0.678889
4.375	0.687962
4.4	0.696453
4.425	0.688665
4.45	0.697935
4.475	0.730884
4.5	0.748219
4.525	0.751169
4.55	0.757379
4.575	0.768187
4.6	0.792366
4.625	0.828682
4.65	0.851959
4.675	0.870307
4.7	0.906788
4.725	0.94007
4.75	0.964593
4.775	0.990815
4.8	1.01972
4.825	1.05939
4.85	1.10961
4.875	1.15156
4.9	1.18915
4.925	1.23001
4.95	1.2617
4.975	1.31142
5	1.36446
5.025	1.40377
5.05	1.45498
5.075	1.52257
5.1	1.57725
5.125	1.59956
5.15	1.6378
5.175	1.69013
5.2	1.71397
5.225	1.7234
5.25	1.72524
5.275	1.73992
5.3	1.75407
5.325	1.75509
5.35	1.72293
5.375	1.67327
5.4	1.63876
5.425	1.58451
5.45	1.52647
5.475	1.49039
5.5	1.46439
5.525	1.42776
5.55	1.36963
5.575	1.30367
5.6	1.25837
5.625	1.23143
5.65	1.16924
5.675	1.12221
5.7	1.09719
5.725	1.06811
5.75	1.0483
5.775	1.02489
5.8	0.986831
5.825	0.957964
5.85	0.930211
5.875	0.891532
5.9	0.881223
5.925	0.865645
5.95	0.841665
5.975	0.822753
6	0.824816
6.025	0.817791
6.05	0.806415
6.075	0.790559
6.1	0.773033
6.125	0.759078
6.15	0.758228
6.175	0.770089
6.2	0.767893
6.225	0.75992
6.25	0.758364
6.275	0.780742
6.3	0.766631
6.325	0.767144
6.35	0.76768
6.375	0.756419
6.4	0.744937
6.425	0.743549
6.45	0.750983
6.475	0.761769
6.5	0.768019
6.525	0.76077
6.55	0.763161
6.575	0.763884
6.6	0.755729
6.625	0.766854
6.65	0.772837
6.675	0.779153
6.7	0.786886
6.725	0.770317
6.75	0.745058
6.775	0.738448
6.8	0.770646
6.825	0.773927
6.85	0.780691
6.875	0.790115
6.9	0.801963
6.925	0.815706
6.95	0.817946
6.975	0.811925
7	0.824212
7.025	0.82645
7.05	0.828446
7.075	0.838251
7.1	0.829175
7.125	0.836906
7.15	0.864813
7.175	0.87243
7.2	0.881061
7.225	0.889704
7.25	0.89518
7.275	0.9122
7.3	0.927947
7.325	0.927537
7.35	0.949713
7.375	0.977834
7.4	1.00947
7.425	1.01548
7.45	1.0204
7.475	1.03099
7.5	1.05963
7.525	1.09016
7.55	1.11915
7.575	1.14675
7.6	1.16473
7.625	1.16401
7.65	1.1779
7.675	1.19142
7.7	1.19668
7.725	1.21068
7.75	1.22737
7.775	1.24445
7.8	1.25386
7.825	1.25828
7.85	1.25304
7.875	1.25032
7.9	1.25034
7.925	1.27287
7.95	1.28003
7.975	1.25424
8	1.24989
8.025	1.24754
8.05	1.22547
8.075	1.22205
8.1	1.23325
8.125	1.2162
8.15	1.19897
8.175	1.18649
8.2	1.16832
8.225	1.14873
8.25	1.1402
8.275	1.12741
8.3	1.10565
8.325	1.09261
8.35	1.08347
8.375	1.0789
8.4	1.07354
8.425	1.06074
8.45	1.05092
8.475	1.04443
8.5	1.04009
8.525	1.0364
8.55	1.03401
8.575	1.03056
8.6	1.02496
8.625	1.02148
8.65	1.01896
8.675	1.00668
8.7	0.995896
8.725	0.995791
8.75	0.996867
8.775	0.999397
8.8	1.00316
8.825	1.00708
8.85	1.0013
8.875	0.993349
8.9	0.979594
8.925	0.977333
8.95	0.995857
8.975	1.01072
9	1.02335
9.025	1.02367
9.05	1.02074
9.075	1.01464
9.1	1.01048
9.125	1.01689
9.15	1.02005
9.175	1.01644
9.2	1.01489
9.225	1.01524
9.25	1.01665
9.275	1.01855
9.3	1.02024
9.325	1.02187
9.35	1.02376
9.375	1.02491
9.4	1.02051
9.425	1.01806
9.45	1.02677
9.475	1.03428
9.5	1.03958
9.525	1.03794
9.55	1.02535
9.575	1.02163
9.6	1.02681
9.625	1.02706
9.65	1.02388
9.675	1.02259
9.7	1.02225
9.725	1.02786
9.75	1.03574
9.775	1.03358
9.8	1.02844
9.825	1.02736
9.85	1.02716
9.875	1.02329
9.9	1.01876
9.925	1.02811
9.95	1.03961
9.975	1.03479
10	1.02759
10.025	1.01755
10.05	1.00713
10.075	1.00586
10.1	1.00597
10.125	1.00367
10.15	1.00096
10.175	0.990822
10.2	0.979149
10.225	0.973516
10.25	0.969473
10.275	0.971291
10.3	0.975054
10.325	0.970166
10.35	0.961404
10.375	0.950133
10.4	0.937419
10.425	0.93283
10.45	0.935254
10.475	0.929426
10.5	0.912849
10.525	0.897782
10.55	0.885633
10.575	0.875018
10.6	0.870809
10.625	0.866645
10.65	0.864324
10.675	0.861542
10.7	0.851744
10.725	0.841287
10.75	0.832296
10.775	0.823362
10.8	0.821183
10.825	0.821732
10.85	0.820194
10.875	0.816837
10.9	0.815097
10.925	0.816525
10.95	0.816807
10.975	0.811092
11	0.80534
11.025	0.794964
11.05	0.784416
11.075	0.787421
11.1	0.794531
11.125	0.803783
11.15	0.814769
11.175	0.823406
11.2	0.826108
11.225	0.827722
11.25	0.818681
11.275	0.808941
11.3	0.809823
11.325	0.812683
11.35	0.812273
11.375	0.809406
11.4	0.810008
11.425	0.819995
11.45	0.830046
11.475	0.841477
11.5	0.852914
11.525	0.864322
11.55	0.875681
11.575	0.883874
11.6	0.88669
11.625	0.889571
11.65	0.891636
11.675	0.893247
11.7	0.907568
11.725	0.925725
11.75	0.939587
11.775	0.946284
11.8	0.953384
11.825	0.970801
11.85	0.988262
11.875	0.997621
11.9	1.00308
11.925	1.00967
11.95	1.01985
11.975	1.0299
12	1.03726
12.025	1.0443
12.05	1.0539
12.075	1.06614
12.1	1.07864
12.125	1.09491
12.15	1.11122
12.175	1.12521
12.2	1.13796
12.225	1.15128
12.25	1.16739
12.275	1.18372
12.3	1.18941
12.325	1.19227
12.35	1.19804
12.375	1.21132
12.4	1.22455
12.425	1.22693
12.45	1.22684
12.475	1.22793
12.5	1.23195
12.525	1.23577
12.55	1.24556
12.575	1.25633
12.6	1.26311
12.625	1.26036
12.65	1.25762
12.675	1.25276
12.7	1.24735
12.725	1.24151
12.75	1.23412
12.775	1.22685
12.8	1.218
12.825	1.20855
12.85	1.19992
12.875	1.19747
12.9	1.19501
12.925	1.19066
12.95	1.18475
12.975	1.17862
13	1.1673
13.025	1.15547
13.05	1.14593
13.075	1.141
13.1	1.13605
13.125	1.13217
13.15	1.12864
13.175	1.12413
13.2	1.11215
13.225	1.1
13.25	1.08911
13.275	1.07974
13.3	1.07031
13.325	1.05953
13.35	1.0484
13.375	1.03761
13.4	1.0288
13.425	1.02003
13.45	1.01174
13.475	1.00415
13.5	0.996563
13.525	0.990141
13.55	0.984122
13.575	0.978279
13.6	0.974188
13.625	0.970123
13.65	0.964248
13.675	0.95416
13.7	0.944106
13.725	0.934283
13.75	0.924595
13.775	0.91473
13.8	0.909355
13.825	0.904816
13.85	0.900953
13.875	0.90819
13.9	0.915459
13.925	0.919742
13.95	0.914842
13.975	0.910202
14	0.907499
14.025	0.906941
14.05	0.906396
14.075	0.903094
14.1	0.898465
14.125	0.89374
14.15	0.893057
14.175	0.893055
14.2	0.893121
14.225	0.896567
14.25	0.900017
14.275	0.903043
14.3	0.90374
14.325	0.90447
14.35	0.906781
14.375	0.913061
14.4	0.919344
14.425	0.922976
14.45	0.922714
14.475	0.922482
14.5	0.926301
14.525	0.933685
14.55	0.941046
14.575	0.944556
14.6	0.945808
14.625	0.947018
14.65	0.947652
14.675	0.948066
14.7	0.94848
14.725	0.951042
14.75	0.954249
14.775	0.957246
14.8	0.966115
14.825	0.976094
14.85	0.986041
14.875	0.98641
14.9	0.985018
14.925	0.983591
14.95	0.987195
14.975	0.99156
15	0.995871
15.025	0.996388
15.05	0.996336
15.075	0.996303
15.1	0.997118
15.125	0.998042
15.15	0.998913
15.175	0.996503
15.2	0.993409
15.225	0.990321
15.25	0.987252
15.275	0.984174
15.3	0.981073
15.325	0.978106
15.35	0.975182
15.375	0.97216
15.4	0.973024
15.425	0.975782
15.45	0.978527
15.475	0.982149
15.5	0.986432
15.525	0.990711
15.55	0.994268
15.575	0.99695
15.6	0.999625
15.625	0.998354
15.65	0.988499
15.675	0.978864
15.7	0.969403
15.725	0.960663
15.75	0.951918
15.775	0.944281
15.8	0.946792
15.825	0.94978
15.85	0.952777
15.875	0.960413
15.9	0.96862
15.925	0.977042
15.95	0.977439
15.975	0.974898
16	0.972374
16.025	0.972583
16.05	0.97546
16.075	0.978299
16.1	0.980669
16.125	0.98192
16.15	0.983165
16.175	0.983928
16.2	0.980362
16.225	0.9766
16.25	0.972856
16.275	0.978089
16.3	0.985306
16.325	0.992537
16.35	0.998173
16.375	1.00256
16.4	1.00699
16.425	1.01011
16.45	1.00886
16.475	1.00767
16.5	1.00643
16.525	1.01317
16.55	1.02019
16.575	1.02744
16.6	1.02789
16.625	1.02516
16.65	1.02235
16.675	1.02025
16.7	1.01988
16.725	1.01949
16.75	1.01918
16.775	1.02738
16.8	1.0357
16.825	1.04413
16.85	1.04563
16.875	1.04327
16.9	1.04093
16.925	1.04049
16.95	1.04717
16.975	1.05358
17	1.05993
17.025	1.06276
17.05	1.06499
17.075	1.06719
17.1	1.06665
17.125	1.06236
17.15	1.05806
17.175	1.05454
17.2	1.06085
17.225	1.06795
17.25	1.07506
17.275	1.07527
17.3	1.07006
17.325	1.06481
17.35	1.06
17.375	1.05968
17.4	1.05937
17.425	1.0591
17.45	1.05534
17.475	1.04946
17.5	1.04357
17.525	1.03729
17.55	1.0284
17.575	1.01946
17.6	1.01054
17.625	1.00697
17.65	1.00698
17.675	1.00704
17.7	1.00691
17.725	1.00396
17.75	1.00098
17.775	0.998062
17.8	0.993069
17.825	0.985986
17.85	0.978907
17.875	0.972246
17.9	0.977567
17.925	0.984353
17.95	0.991144
17.975	0.994334
18	0.989588
18.025	0.985045
18.05	0.980509
18.075	0.973081
18.1	0.964639
18.125	0.956189
18.15	0.949262
18.175	0.955765
18.2	0.962307
18.225	0.968814
18.25	0.970847
18.275	0.967508
18.3	0.96419
18.325	0.960618
18.35	0.963469
18.375	0.9676
18.4	0.971748
18.425	0.975445
18.45	0.97594
18.475	0.976391
18.5	0.976829
18.525	0.975547
18.55	0.971733
18.575	0.967977
18.6	0.964237
18.625	0.962831
18.65	0.96238
18.675	0.961948
18.7	0.961517
18.725	0.960645
18.75	0.959757
18.775	0.958896
18.8	0.958958
18.825	0.962601
18.85	0.966257
18.875	0.969851
18.9	0.969399
18.925	0.963519
18.95	0.957657
18.975	0.951621
19	0.953808
19.025	0.960173
19.05	0.966524
19.075	0.972949
19.1	0.97525
19.125	0.976847
19.15	0.978474
19.175	0.980247
19.2	0.983765
19.225	0.987398
19.25	0.991023
19.275	0.994587
19.3	0.997702
19.325	1.00084
19.35	1.00397
19.375	1.00728
19.4	1.0112
19.425	1.01513
19.45	1.01908
19.475	1.0224
19.5	1.02458
19.525	1.02678
19.55	1.02894
19.575	1.03043
19.6	1.03118
19.625	1.03198
19.65	1.03279
19.675	1.03312
19.7	1.03308
19.725	1.03302
19.75	1.03294
19.775	1.03461
19.8	1.03735
19.825	1.04011
19.85	1.04287
19.875	1.04148
19.9	1.03784
19.925	1.03416
19.95	1.0305
19.975	1.03089
20	1.03337
20.025	1.03585
20.05	1.03835
20.075	1.04096
20.1	1.04362
20.125	1.04629
20.15	1.04898
20.175	1.04655
20.2	1.04101
20.225	1.03537
20.25	1.02973
20.275	1.02655
20.3	1.02524
20.325	1.02398
20.35	1.02275
20.375	1.02435
20.4	1.02891
20.425	1.03341
20.45	1.03793
20.475	1.03999
20.5	1.03824
20.525	1.03659
20.55	1.03491
20.575	1.03207
20.6	1.0261
20.625	1.02022
20.65	1.01435
20.675	1.00957
20.7	1.0109
20.725	1.01213
20.75	1.01333
20.775	1.01394
20.8	1.0078
20.825	1.00121
20.85	0.994605
20.875	0.987837
20.9	0.991926
20.925	0.997864
20.95	1.00382
20.975	1.00992
21	1.01132
21.025	1.01038
21.05	1.00941
21.075	1.0084
21.1	1.00752
21.125	1.00678
21.15	1.00606
21.175	1.00536
21.2	1.00458
21.225	1.00353
21.25	1.00245
21.275	1.00138
21.3	1.00033
21.325	0.997883
21.35	0.995345
21.375	0.992793
21.4	0.99023
21.425	0.989775
21.45	0.990338
21.475	0.990927
21.5	0.991513
21.525	0.992016
21.55	0.99237
21.575	0.992721
21.6	0.993068
21.625	0.993198
21.65	0.991239
21.675	0.989168
21.7	0.987095
21.725	0.984957
21.75	0.984801
21.775	0.985375
21.8	0.985941
21.825	0.986506
21.85	0.986889
21.875	0.98688
21.9	0.986866
21.925	0.986835
21.95	0.986781
21.975	0.985398
22	0.98395
22.025	0.982519
22.05	0.981087
22.075	0.981891
22.1	0.984567
22.125	0.987232
22.15	0.98989
22.175	0.991387
22.2	0.98467
22.225	0.977818
22.25	0.970972
22.275	0.964048
22.3	0.960246
22.325	0.957927
22.35	0.955595
22.375	0.953269
22.4	0.952181
22.425	0.957006
22.45	0.961847
22.475	0.966693
22.5	0.971555
22.525	0.972879
22.55	0.972604
22.575	0.972262
22.6	0.971897
22.625	0.970836
22.65	0.965716
22.675	0.960672
22.7	0.955626
22.725	0.950527
22.75	0.946756
22.775	0.943762
22.8	0.940778
22.825	0.937807
22.85	0.935348
22.875	0.942159
22.9	0.948992
22.925	0.955787
22.95	0.962579
22.975	0.966818
23	0.96796
23.025	0.969137
23.05	0.970319
23.075	0.971512
23.1	0.971562
23.125	0.971411
23.15	0.971246
23.175	0.971079
23.2	0.970879
23.225	0.970532
23.25	0.970185
23.275	0.969823
23.3	0.969436
23.325	0.970112
23.35	0.971644
23.375	0.973205
23.4	0.97478
23.425	0.976359
23.45	0.980891
23.475	0.985863
23.5	0.990835
23.525	0.995828
23.55	1.00077
23.575	1.00539
23.6	1.00998
23.625	1.01454
23.65	1.0191
23.675	1.02087
23.7	1.01884
23.725	1.01689
23.75	1.01491
23.775	1.01274
23.8	1.01474
23.825	1.0185
23.85	1.02227
23.875	1.02613
23.9	1.02996
23.925	1.0287
23.95	1.02685
23.975	1.02498
24	1.0231
24.025	1.02207
24.05	1.02722
24.075	1.03254
24.1	1.03785
24.125	1.04314
24.15	1.04716
24.175	1.04773
24.2	1.0483
24.225	1.04886
24.25	1.04942
24.275	1.0489
24.3	1.04682
24.325	1.04476
24.35	1.04268
24.375	1.04058
24.4	1.04036
24.425	1.0416
24.45	1.04285
24.475	1.04412
24.5	1.04536
24.525	1.04584
24.55	1.04596
24.575	1.0461
24.6	1.04622
24.625	1.04631
24.65	1.04723
24.675	1.0484
24.7	1.04957
24.725	1.05077
24.75	1.05199
24.775	1.05513
24.8	1.05876
24.825	1.06238
24.85	1.066
24.875	1.06993
24.9	1.06384
24.925	1.05589
24.95	1.04792
24.975	1.03996
25	1.03199
25.025	1.03001
25.05	1.0294
25.075	1.02882
25.1	1.02822
25.125	1.02769
25.15	1.02505
25.175	1.02198
25.2	1.01892
25.225	1.01591
25.25	1.0129
25.275	1.00981
25.3	1.00665
25.325	1.00347
25.35	1.00031
25.375	0.997145
25.4	0.995031
25.425	0.993385
25.45	0.991719
25.475	0.990036
25.5	0.988346
25.525	0.987906
25.55	0.988412
25.575	0.988938
25.6	0.989464
25.625	0.989987
25.65	0.991001
25.675	0.992667
25.7	0.994339
25.725	0.996012
25.75	0.997675
25.775	0.996858
25.8	0.988988
25.825	0.981342
25.85	0.973722
25.875	0.966129
25.9	0.95954
25.925	0.961082
25.95	0.962628
25.975	0.964152
26	0.965684
26.025	0.967229
26.05	0.968501
26.075	0.96974
26.1	0.970975
26.125	0.972205
26.15	0.973423
26.175	0.971939
26.2	0.969238
26.225	0.966523
26.25	0.963838
26.275	0.961222
26.3	0.962024
26.325	0.967661
26.35	0.973258
26.375	0.97886
26.4	0.984494
26.425	0.989311
26.45	0.988752
26.475	0.988185
26.5	0.987569
26.525	0.98693
26.55	0.986294
26.575	0.984381
26.6	0.982234
26.625	0.980084
26.65	0.977906
26.675	0.975699
26.7	0.974718
26.725	0.974991
26.75	0.97529
26.775	0.975594
26.8	0.975881
26.825	0.976
26.85	0.975194
26.875	0.974398
26.9	0.973626
26.925	0.972863
26.95	0.972099
26.975	0.973512
27	0.975629
27.025	0.977759
27.05	0.979902
27.075	0.982043
27.1	0.983465
27.125	0.983338
27.15	0.9832
27.175	0.983052
27.2	0.982902
27.225	0.982776
27.25	0.984647
27.275	0.986818
27.3	0.988998
27.325	0.991181
27.35	0.993355
27.375	0.995663
27.4	0.998186
27.425	1.00071
27.45	1.00325
27.475	1.00581
27.5	1.00835
27.525	1.0063
27.55	1.00382
27.575	1.00134
27.6	0.998877
27.625	0.996489
27.65	0.995927
27.675	0.99835
27.7	1.00072
27.725	1.00307
27.75	1.00544
27.775	1.00786
27.8	1.00905
27.825	1.01001
27.85	1.01093
27.875	1.01181
27.9	1.01271
27.925	1.0132
27.95	1.01216
27.975	1.01117
28	1.01017
28.025	1.00912
28.05	1.00806
28.075	1.01143
28.1	1.01712
28.125	1.02289
28.15	1.02861
28.175	1.03431
28.2	1.03984
28.225	1.03351
28.25	1.02719
28.275	1.02094
28.3	1.01472
28.325	1.0085
28.35	1.00401
28.375	1.00319
28.4	1.00237
28.425	1.00159
28.45	1.00082
28.475	0.99998
28.5	1.00177
28.525	1.00492
28.55	1.00803
28.575	1.01116
28.6	1.01429
28.625	1.01722
28.65	1.01424
28.675	1.01054
28.7	1.00681
28.725	1.00306
28.75	0.999315
28.775	0.996538
28.8	0.99933
28.825	1.00205
28.85	1.00477
28.875	1.00747
28.9	1.01014
28.925	1.01058
28.95	1.00725
28.975	1.00404
29	1.00085
29.025	0.997642
29.05	0.994395
29.075	0.993184
29.1	0.993437
29.125	0.993743
29.15	0.994083
29.175	0.994429
29.2	0.994755
29.225	0.997247
29.25	1.00049
29.275	1.00376
29.3	1.00705
29.325	1.01037
29.35	1.01367
29.375	1.01511
29.4	1.01624
29.425	1.01738
29.45	1.01853
29.475	1.01975
29.5	1.02093
29.525	1.01648
29.55	1.01179
29.575	1.00712
29.6	1.00244
29.625	0.997788
29.65	0.993359
29.675	0.994089
29.7	0.994818
29.725	0.995525
29.75	0.996235
29.775	0.996964
29.8	0.997779
29.825	0.999453
29.85	1.00113
29.875	1.00277
29.9	1.00443
29.925	1.00609
29.95	1.00742
29.975	1.00544
30	1.00345
30.025	1.00144
30.05	0.999434
30.075	0.997414
30.1	0.995539
30.125	0.995534
30.15	0.995543
30.175	0.995559
30.2	0.995578
30.225	0.99559
30.25	0.995627
30.275	0.99697
30.3	0.998322
30.325	0.999679
30.35	1.00107
30.375	1.00246
30.4	1.0038
30.425	1.00258
30.45	1.00119
30.475	0.999833
30.5	0.998509
30.525	0.997201
30.55	0.995875
30.575	0.993585
30.6	0.991089
30.625	0.9886
30.65	0.986144
30.675	0.98372
30.7	0.981295
30.725	0.97977
30.75	0.978605
30.775	0.977443
30.8	0.976309
30.825	0.975221
30.85	0.974141
30.875	0.974731
30.9	0.976825
30.925	0.978899
30.95	0.980987
30.975	0.983122
31	0.985289
31.025	0.987063
31.05	0.987859
31.075	0.988648
31.1	0.989434
31.125	0.990244
31.15	0.991088
31.175	0.991887
31.2	0.992264
31.225	0.992597
31.25	0.992921
31.275	0.993251
31.3	0.993604
31.325	0.993935
31.35	0.995696
31.375	0.997709
31.4	0.99971
31.425	1.00171
31.45	1.00372
31.475	1.00571
31.5	1.00748
31.525	1.00903
31.55	1.01061
31.575	1.01216
31.6	1.0137
31.625	1.01522
31.65	1.01662
31.675	1.01741
31.7	1.01826
31.725	1.01909
31.75	1.01993
31.775	1.02073
31.8	1.02149
31.825	1.0196
31.85	1.01725
31.875	1.0149
31.9	1.01257
31.925	1.01019
31.95	1.00779
31.975	1.00597
32	1.00495
32.025	1.00397
32.05	1.003
32.075	1.00201
32.1	1.00098
32.125	1.00032
32.15	1.00425
32.175	1.00856
32.2	1.01291
32.225	1.01723
32.25	1.02149
32.275	1.02575
32.3	1.02609
32.325	1.02347
32.35	1.02092
32.375	1.01838
32.4	1.0158
32.425	1.01317
32.45	1.01057
32.475	1.00872
32.5	1.00692
32.525	1.00515
32.55	1.00338
32.575	1.00156
32.6	0.999704
32.625	0.99952
32.65	1.00073
32.675	1.00198
32.7	1.00324
32.725	1.00449
32.75	1.00571
32.775	1.00684
32.8	1.00679
32.825	1.00665
32.85	1.0065
32.875	1.00637
32.9	1.00624
32.925	1.0061
32.95	1.00538
32.975	1.00377
33	1.00217
33.025	1.00058
33.05	0.999011
33.075	0.99745
33.1	0.995882
33.125	0.994728
33.15	0.99367
33.175	0.992615
33.2	0.991594
33.225	0.990619
33.25	0.989655
33.275	0.988705
33.3	0.98802
33.325	0.987315
33.35	0.986636
33.375	0.986026
33.4	0.985458
33.425	0.984892
33.45	0.985757
33.475	0.988582
33.5	0.991406
33.525	0.994297
33.55	0.997263
33.575	1.00024
33.6	1.00316
33.625	1.00398
33.65	1.00399
33.675	1.00405
33.7	1.00421
33.725	1.00438
33.75	1.00455
33.775	1.00443
33.8	1.00063
33.825	0.996476
33.85	0.992403
33.875	0.988405
33.9	0.984402
33.925	0.980333
33.95	0.977064
33.975	0.978375
34	0.979752
34.025	0.981217
34.05	0.98272
34.075	0.984193
34.1	0.985593
34.125	0.986672
34.15	0.987163
34.175	0.987713
34.2	0.9883
34.225	0.988896
34.25	0.989472
34.275	0.990022
34.3	0.990571
34.325	0.991131
34.35	0.991695
34.375	0.992273
34.4	0.992874
34.425	0.993493
34.45	0.994106
34.475	0.994646
34.5	0.995108
34.525	0.995553
34.55	0.996038
34.575	0.996598
34.6	0.997198
34.625	0.997775
34.65	0.99781
34.675	0.997564
34.7	0.997335
34.725	0.997218
34.75	0.997215
34.775	0.997215
34.8	0.997099
34.825	0.996029
34.85	0.994594
34.875	0.993255
34.9	0.992112
34.925	0.99105
34.95	0.9899
34.975	0.988447
35	0.989666
