0.25	9.59135
0.275	8.22495
0.3	5.80567
0.325	5.14632
0.35	4.13324
0.375	3.89877
0.4	3.4263
0.425	3.37799
0.45	3.38903
0.475	3.57943
0.5	3.87657
0.525	4.2333
0.55	4.49133
0.575	4.224
0.6	3.82094
0.625	3.28021
0.65	2.87307
0.675	2.43737
0.7	2.20365
0.725	1.95108
0.75	1.86981
0.775	1.71328
0.8	1.77848
0.825	1.70752
0.85	1.72767
0.875	1.63162
0.9	1.63081
0.925	1.55735
0.95	1.52264
0.975	1.43159
1	1.36703
1.025	1.24372
1.05	1.10616
1.075	0.874025
1.1	0.693331
1.125	0.618261
1.15	0.545968
1.175	0.471699
1.2	0.40996
1.225	0.410916
1.25	0.370793
1.275	0.365898
1.3	0.373313
1.325	0.439765
1.35	0.401653
1.375	0.496261
1.4	0.530928
1.425	0.625452
1.45	0.66341
1.475	0.755341
1.5	0.82739
1.525	0.931809
1.55	0.981894
1.575	1.31866
1.6	1.46963
1.625	1.22226
1.65	1.16521
1.675	1.23655
1.7	1.26504
1.725	1.28865
1.75	1.33872
1.775	1.32472
1.8	1.34468
1.825	1.31584
1.85	1.24155
1.875	1.22669
1.9	1.16783
1.925	1.00814
1.95	0.92266
1.975	0.840384
2	0.749537
2.025	0.708623
2.05	0.63498
2.075	0.67343
2.1	0.529801
2.125	0.449503
2.15	0.441255
2.175	0.380698
2.2	0.33093
2.225	0.295234
2.25	0.286759
2.275	0.278357
2.3	0.265939
2.325	0.272075
2.35	0.268949
2.375	0.26644
2.4	0.261784
2.425	0.267725
2.45	0.252658
2.475	0.274186
2.5	0.267936
2.525	0.341945
2.55	0.364643
2.575	0.380222
2.6	0.456885
2.625	0.503898
2.65	0.605656
2.675	0.666837
2.7	0.759501
2.725	0.857821
2.75	0.965923
2.775	1.08559
2.8	1.18292
2.825	1.27169
2.85	1.29872
2.875	1.29609
2.9	1.29202
2.925	1.30539
2.95	1.32432
2.975	1.28267
3	1.28475
3.025	1.28945
3.05	1.29662
3.075	1.2014
3.1	1.17021
3.125	1.14656
3.15	1.14266
3.175	1.11247
3.2	1.08458
3.225	1.07674
3.25	1.05955
3.275	1.05345
3.3	1.03435
3.325	0.995987
3.35	0.996993
3.375	0.98158
3.4	0.943868
3.425	0.937561
3.45	0.892482
3.475	0.865332
3.5	0.843308
3.525	0.834361
3.55	0.798557
3.575	0.813323
3.6	0.794232
3.625	0.773038
3.65	0.746405
3.675	0.723529
3.7	0.717058
3.725	0.672385
3.75	0.674031
3.775	0.684089
3.8	0.659415
3.825	0.639588
3.85	0.624406
3.875	0.617817
3.9	0.612882
3.925	0.621079
3.95	0.598218
3.975	0.577421
4	0.590756
4.025	0.596826
4.05	0.585911
4.075	0.570715
4.1	0.573665
4.125	0.600302
4.15	0.610197
4.175	0.606169
4.2	0.610019
4.225	0.614496
4.25	0.622834
4.275	0.642288
4.3	0.639209
4.325	0.639746
4.35	0.646867
4.375	0.669963
4.4	0.66342
4.425	0.649843
4.45	0.668707
4.475	0.710383
4.5	0.726188
4.525	0.74336
4.55	0.743364
4.575	0.74699
4.6	0.758436
4.625	0.796966
4.65	0.823849
4.675	0.853429
4.7	0.889047
4.725	0.92837
4.75	0.944045
4.775	0.979567
4.8	1.02082
4.825	1.07453
4.85	1.13442
4.875	1.17635
4.9	1.19841
4.925	1.23055
4.95	1.27167
4.975	1.32852
5	1.39524
5.025	1.45508
5.05	1.49777
5.075	1.55681
5.1	1.61947
5.125	1.66197
5.15	1.71638
5.175	1.75603
5.2	1.7652
5.225	1.7804
5.25	1.78647
5.275	1.80296
5.3	1.79842
5.325	1.79925
5.35	1.77729
5.375	1.717
5.4	1.679
5.425	1.62474
5.45	1.5847
5.475	1.54126
5.5	1.49212
5.525	1.44066
5.55	1.37968
5.575	1.31561
5.6	1.27282
5.625	1.24815
5.65	1.18976
5.675	1.1427
5.7	1.10332
5.725	1.05993
5.75	1.02258
5.775	0.995799
5.8	0.974966
5.825	0.950125
5.85	0.92391
5.875	0.885775
5.9	0.859847
5.925	0.844594
5.95	0.828955
5.975	0.809386
6	0.815547
6.025	0.799757
6.05	0.786784
6.075	0.77325
6.1	0.759466
6.125	0.748632
6.15	0.75007
6.175	0.765964
6.2	0.755788
6.225	0.741024
6.25	0.742922
6.275	0.777664
6.3	0.756399
6.325	0.747599
6.35	0.752233
6.375	0.758476
6.4	0.727084
6.425	0.734355
6.45	0.746328
6.475	0.757807
6.5	0.769341
6.525	0.749315
6.55	0.751819
6.575	0.754648
6.6	0.743414
6.625	0.758779
6.65	0.769618
6.675	0.775316
6.7	0.774287
6.725	0.760403
6.75	0.746025
6.775	0.745283
6.8	0.769467
6.825	0.773083
6.85	0.77627
6.875	0.782072
6.9	0.796248
6.925	0.815445
6.95	0.817111
6.975	0.803612
7	0.802028
7.025	0.811583
7.05	0.823011
7.075	0.829284
7.1	0.828515
7.125	0.834096
7.15	0.849741
7.175	0.862334
7.2	0.870658
7.225	0.875736
7.25	0.879642
7.275	0.896734
7.3	0.925608
7.325	0.940261
7.35	0.951893
7.375	0.964174
7.4	0.99368
7.425	1.01305
7.45	1.02554
7.475	1.02961
7.5	1.05281
7.525	1.08299
7.55	1.10241
7.575	1.11042
7.6	1.11742
7.625	1.15738
7.65	1.16959
7.675	1.16929
7.7	1.20155
7.725	1.22086
7.75	1.2283
7.775	1.22526
7.8	1.22857
7.825	1.2405
7.85	1.25225
7.875	1.25974
7.9	1.25616
7.925	1.26411
7.95	1.2731
7.975	1.26297
8	1.25911
8.025	1.2595
8.05	1.24046
8.075	1.22201
8.1	1.20975
8.125	1.20013
8.15	1.19165
8.175	1.18428
8.2	1.17639
8.225	1.16803
8.25	1.15515
8.275	1.14177
8.3	1.13057
8.325	1.12113
8.35	1.11347
8.375	1.10105
8.4	1.08718
8.425	1.07065
8.45	1.06125
8.475	1.06002
8.5	1.05775
8.525	1.05553
8.55	1.0556
8.575	1.0506
8.6	1.03584
8.625	1.03119
8.65	1.03158
8.675	1.0239
8.7	1.01656
8.725	1.01393
8.75	1.00825
8.775	0.998237
8.8	0.998396
8.825	1.00249
8.85	1.00299
8.875	1.00158
8.9	0.9914
8.925	0.991375
8.95	1.00967
8.975	1.0224
9	1.03158
9.025	1.02631
9.05	1.01731
9.075	1.01505
9.1	1.01431
9.125	1.02076
9.15	1.02456
9.175	1.02295
9.2	1.01962
9.225	1.0145
9.25	1.01424
9.275	1.01606
9.3	1.02256
9.325	1.0298
9.35	1.03375
9.375	1.03527
9.4	1.02041
9.425	1.00951
9.45	1.02232
9.475	1.03293
9.5	1.03992
9.525	1.03649
9.55	1.01658
9.575	1.01431
9.6	1.02985
9.625	1.03395
9.65	1.03009
9.675	1.03197
9.7	1.03687
9.725	1.03916
9.75	1.04039
9.775	1.03795
9.8	1.03442
9.825	1.03159
9.85	1.02892
9.875	1.02183
9.9	1.01395
9.925	1.02479
9.95	1.0385
9.975	1.03245
10	1.0236
10.025	1.02205
10.05	1.02148
10.075	1.01576
10.1	1.00927
10.125	1.00111
10.15	0.992666
10.175	0.984197
10.2	0.97572
10.225	0.972016
10.25	0.969539
10.275	0.966961
10.3	0.964329
10.325	0.96163
10.35	0.958908
10.375	0.950503
10.4	0.938706
10.425	0.929555
10.45	0.922743
10.475	0.915036
10.5	0.906164
10.525	0.895041
10.55	0.87918
10.575	0.866434
10.6	0.865583
10.625	0.864525
10.65	0.864878
10.675	0.864316
10.7	0.850351
10.725	0.835196
10.75	0.819597
10.775	0.803475
10.8	0.80318
10.825	0.809281
10.85	0.807373
10.875	0.798461
10.9	0.794512
10.925	0.800267
10.95	0.804706
10.975	0.802294
11	0.799855
11.025	0.796034
11.05	0.792169
11.075	0.794858
11.1	0.799542
11.125	0.800992
11.15	0.799713
11.175	0.799822
11.2	0.803447
11.225	0.806584
11.25	0.806465
11.275	0.806188
11.3	0.807094
11.325	0.808224
11.35	0.8086
11.375	0.80841
11.4	0.80911
11.425	0.812176
11.45	0.815294
11.475	0.82928
11.5	0.843388
11.525	0.856898
11.55	0.870174
11.575	0.880044
11.6	0.884078
11.625	0.888573
11.65	0.895962
11.675	0.903256
11.7	0.917356
11.725	0.93346
11.75	0.944576
11.775	0.947344
11.8	0.950549
11.825	0.96543
11.85	0.980361
11.875	0.994114
11.9	1.00731
11.925	1.01873
11.95	1.02502
11.975	1.03149
12	1.03955
12.025	1.04785
12.05	1.06137
12.075	1.08035
12.1	1.09857
12.125	1.10747
12.15	1.11634
12.175	1.1263
12.2	1.13686
12.225	1.14826
12.25	1.16386
12.275	1.1796
12.3	1.18755
12.325	1.1934
12.35	1.20147
12.375	1.21531
12.4	1.22916
12.425	1.2401
12.45	1.25039
12.475	1.25663
12.5	1.25325
12.525	1.24987
12.55	1.25672
12.575	1.2654
12.6	1.2697
12.625	1.26348
12.65	1.25729
12.675	1.25461
12.7	1.25291
12.725	1.25034
12.75	1.24425
12.775	1.23833
12.8	1.23026
12.825	1.22127
12.85	1.21221
12.875	1.2025
12.9	1.19276
12.925	1.1858
12.95	1.18117
12.975	1.17619
13	1.16435
13.025	1.1518
13.05	1.14167
13.075	1.13642
13.1	1.13117
13.125	1.12761
13.15	1.12467
13.175	1.12067
13.2	1.10885
13.225	1.09685
13.25	1.08653
13.275	1.07827
13.3	1.07
13.325	1.05979
13.35	1.0491
13.375	1.03855
13.4	1.02898
13.425	1.01941
13.45	1.011
13.475	1.00409
13.5	0.997201
13.525	0.98865
13.55	0.979554
13.575	0.97109
13.6	0.969262
13.625	0.967797
13.65	0.964672
13.675	0.957624
13.7	0.950576
13.725	0.942339
13.75	0.933236
13.775	0.923997
13.8	0.919396
13.825	0.915648
13.85	0.912113
13.875	0.912388
13.9	0.912673
13.925	0.911476
13.95	0.905651
13.975	0.899972
14	0.898361
14.025	0.901213
14.05	0.904055
14.075	0.902957
14.1	0.900014
14.125	0.897031
14.15	0.893383
14.175	0.889606
14.2	0.885917
14.225	0.887669
14.25	0.88944
14.275	0.891877
14.3	0.898256
14.325	0.904549
14.35	0.909692
14.375	0.912006
14.4	0.914312
14.425	0.916812
14.45	0.919599
14.475	0.922363
14.5	0.92686
14.525	0.932889
14.55	0.938908
14.575	0.942512
14.6	0.944694
14.625	0.946912
14.65	0.946534
14.675	0.945146
14.7	0.94376
14.725	0.947668
14.75	0.953198
14.775	0.958613
14.8	0.968137
14.825	0.97846
14.85	0.988741
14.875	0.987382
14.9	0.983844
14.925	0.980251
14.95	0.981172
14.975	0.982817
15	0.984457
15.025	0.986616
15.05	0.988852
15.075	0.99107
15.1	0.99456
15.125	0.998261
15.15	1.00195
15.175	1.0026
15.2	1.00262
15.225	1.00279
15.25	0.997903
15.275	0.991864
15.3	0.985816
15.325	0.983556
15.35	0.982683
15.375	0.981782
15.4	0.982703
15.425	0.984509
15.45	0.986307
15.475	0.987172
15.5	0.987325
15.525	0.987451
15.55	0.98572
15.575	0.981747
15.6	0.977771
15.625	0.973605
15.65	0.969043
15.675	0.964496
15.7	0.960688
15.725	0.959901
15.75	0.959113
15.775	0.958285
15.8	0.957184
15.825	0.956051
15.85	0.954934
15.875	0.960514
15.9	0.966933
15.925	0.97356
15.95	0.973207
15.975	0.970295
16	0.967368
16.025	0.968216
16.05	0.972783
16.075	0.977319
16.1	0.981136
16.125	0.983117
16.15	0.985089
16.175	0.986362
16.2	0.981512
16.225	0.976372
16.25	0.97125
16.275	0.975587
16.3	0.982029
16.325	0.988517
16.35	0.993373
16.375	0.99694
16.4	1.0005
16.425	1.00337
16.45	1.00402
16.475	1.00473
16.5	1.00547
16.525	1.01084
16.55	1.01636
16.575	1.0219
16.6	1.02572
16.625	1.02873
16.65	1.03175
16.675	1.03383
16.7	1.03387
16.725	1.03394
16.75	1.03401
16.775	1.03761
16.8	1.04124
16.825	1.04491
16.85	1.04666
16.875	1.04736
16.9	1.04805
16.925	1.04927
16.95	1.05244
16.975	1.05556
17	1.05867
17.025	1.05883
17.05	1.05848
17.075	1.0581
17.1	1.05661
17.125	1.05362
17.15	1.05063
17.175	1.04849
17.2	1.05705
17.225	1.06641
17.25	1.07581
17.275	1.07796
17.3	1.07441
17.325	1.07079
17.35	1.06732
17.375	1.06514
17.4	1.06296
17.425	1.06083
17.45	1.0555
17.475	1.04823
17.5	1.04094
17.525	1.03387
17.55	1.02839
17.575	1.02293
17.6	1.01748
17.625	1.01544
17.65	1.0157
17.675	1.01602
17.7	1.01614
17.725	1.01266
17.75	1.00919
17.775	1.00571
17.8	1.00164
17.825	0.99695
17.85	0.992269
17.875	0.987825
17.9	0.989977
17.925	0.992936
17.95	0.995901
17.975	0.995785
18	0.988885
18.025	0.982157
18.05	0.975435
18.075	0.970884
18.1	0.967111
18.125	0.963353
18.15	0.960148
18.175	0.961775
18.2	0.96342
18.225	0.965046
18.25	0.963977
18.275	0.959676
18.3	0.955385
18.325	0.950785
18.35	0.954796
18.375	0.96053
18.4	0.966273
18.425	0.971422
18.45	0.972489
18.475	0.973513
18.5	0.974546
18.525	0.972894
18.55	0.967277
18.575	0.961731
18.6	0.95619
18.625	0.954153
18.65	0.953551
18.675	0.952979
18.7	0.952417
18.725	0.952978
18.75	0.953586
18.775	0.954207
18.8	0.955469
18.825	0.959239
18.85	0.963018
18.875	0.966768
18.9	0.967959
18.925	0.965707
18.95	0.963463
18.975	0.961134
19	0.962563
19.025	0.965909
19.05	0.969257
19.075	0.972629
19.1	0.975079
19.125	0.977369
19.15	0.979666
19.175	0.981976
19.2	0.984451
19.225	0.986943
19.25	0.989441
19.275	0.992214
19.3	0.996635
19.325	1.00104
19.35	1.00546
19.375	1.00969
19.4	1.0133
19.425	1.01692
19.45	1.02058
19.475	1.02336
19.5	1.02464
19.525	1.02597
19.55	1.02729
19.575	1.02838
19.6	1.02915
19.625	1.02994
19.65	1.03073
19.675	1.0318
19.7	1.03309
19.725	1.03437
19.75	1.03568
19.775	1.03687
19.8	1.03801
19.825	1.03917
19.85	1.04033
19.875	1.04127
19.9	1.04214
19.925	1.043
19.95	1.04386
19.975	1.04367
20	1.04294
20.025	1.04221
20.05	1.04147
20.075	1.04256
20.1	1.04464
20.125	1.04676
20.15	1.04887
20.175	1.04717
20.2	1.0432
20.225	1.03915
20.25	1.03514
20.275	1.03126
20.3	1.0275
20.325	1.02372
20.35	1.01996
20.375	1.01955
20.4	1.02265
20.425	1.02572
20.45	1.02879
20.475	1.02918
20.5	1.02535
20.525	1.02159
20.55	1.01785
20.575	1.01478
20.6	1.01363
20.625	1.01241
20.65	1.01119
20.675	1.01089
20.7	1.01579
20.725	1.02063
20.75	1.02545
20.775	1.02945
20.8	1.02379
20.825	1.01743
20.85	1.01107
20.875	1.00463
20.9	1.00552
20.925	1.00767
20.95	1.00983
20.975	1.01211
21	1.0092
21.025	1.00373
21.05	0.998286
21.075	0.992866
21.1	0.990692
21.125	0.992903
21.15	0.995106
21.175	0.997293
21.2	0.998464
21.225	0.995366
21.25	0.99226
21.275	0.989151
21.3	0.986049
21.325	0.984699
21.35	0.98346
21.375	0.982217
21.4	0.980971
21.425	0.981711
21.45	0.98341
21.475	0.985123
21.5	0.986835
21.525	0.988615
21.55	0.990528
21.575	0.992434
21.6	0.994336
21.625	0.995823
21.65	0.993337
21.675	0.990628
21.7	0.987916
21.725	0.985126
21.75	0.984979
21.775	0.985825
21.8	0.986669
21.825	0.987509
21.85	0.988309
21.875	0.989026
21.9	0.98974
21.925	0.990457
21.95	0.991156
21.975	0.988119
22	0.984862
22.025	0.981608
22.05	0.978344
22.075	0.977037
22.1	0.97738
22.125	0.977725
22.15	0.978066
22.175	0.978047
22.2	0.975496
22.225	0.972899
22.25	0.970297
22.275	0.967665
22.3	0.965992
22.325	0.964774
22.35	0.963548
22.375	0.962328
22.4	0.961569
22.425	0.963019
22.45	0.96447
22.475	0.965913
22.5	0.967352
22.525	0.965521
22.55	0.962224
22.575	0.958894
22.6	0.955558
22.625	0.952509
22.65	0.951151
22.675	0.949766
22.7	0.948378
22.725	0.946915
22.75	0.948786
22.775	0.952585
22.8	0.956376
22.825	0.960165
22.85	0.963891
22.875	0.966511
22.9	0.969122
22.925	0.971731
22.95	0.974337
22.975	0.976217
23	0.977215
23.025	0.978216
23.05	0.979214
23.075	0.980224
23.1	0.979577
23.125	0.978647
23.15	0.977714
23.175	0.976774
23.2	0.97577
23.225	0.974516
23.25	0.973257
23.275	0.971998
23.3	0.970731
23.325	0.972017
23.35	0.975325
23.375	0.978646
23.4	0.981966
23.425	0.985284
23.45	0.989504
23.475	0.99386
23.5	0.998214
23.525	1.00255
23.55	1.00681
23.575	1.01054
23.6	1.01426
23.625	1.01798
23.65	1.02172
23.675	1.02233
23.7	1.01869
23.725	1.01512
23.75	1.01155
23.775	1.0078
23.8	1.00974
23.825	1.01404
23.85	1.01834
23.875	1.02263
23.9	1.02693
23.925	1.02756
23.95	1.02785
23.975	1.02811
24	1.02837
24.025	1.02909
24.05	1.03311
24.075	1.03719
24.1	1.04128
24.125	1.04534
24.15	1.0481
24.175	1.04732
24.2	1.04653
24.225	1.04572
24.25	1.04493
24.275	1.04543
24.3	1.04779
24.325	1.05012
24.35	1.05245
24.375	1.0548
24.4	1.05481
24.425	1.05299
24.45	1.05117
24.475	1.04936
24.5	1.04754
24.525	1.0461
24.55	1.04487
24.575	1.04365
24.6	1.04243
24.625	1.04113
24.65	1.04186
24.675	1.0432
24.7	1.04454
24.725	1.04588
24.75	1.04722
24.775	1.04946
24.8	1.05195
24.825	1.05444
24.85	1.05692
24.875	1.05961
24.9	1.05568
24.925	1.05049
24.95	1.04529
24.975	1.04009
25	1.0349
25.025	1.03044
25.05	1.02614
25.075	1.02185
25.1	1.01756
25.125	1.01319
25.15	1.01122
25.175	1.00979
25.2	1.00837
25.225	1.00693
25.25	1.00549
25.275	1.0044
25.3	1.00344
25.325	1.00245
25.35	1.00149
25.375	1.00053
25.4	0.998874
25.425	0.9969
25.45	0.994929
25.475	0.992961
25.5	0.990991
25.525	0.989902
25.55	0.989473
25.575	0.989056
25.6	0.988638
25.625	0.988225
25.65	0.988158
25.675	0.988544
25.7	0.988929
25.725	0.989317
25.75	0.989707
25.775	0.988294
25.8	0.981708
25.825	0.975279
25.85	0.968853
25.875	0.962434
25.9	0.956888
25.925	0.958411
25.95	0.959959
25.975	0.961497
26	0.963038
26.025	0.964556
26.05	0.965142
26.075	0.965604
26.1	0.966069
26.125	0.966538
26.15	0.967009
26.175	0.967157
26.2	0.967165
26.225	0.967171
26.25	0.967179
26.275	0.967206
26.3	0.96831
26.325	0.970945
26.35	0.97358
26.375	0.976218
26.4	0.978859
26.425	0.981118
26.45	0.981003
26.475	0.980895
26.5	0.980789
26.525	0.98069
26.55	0.980587
26.575	0.97813
26.6	0.975215
26.625	0.972294
26.65	0.969377
26.675	0.966455
26.7	0.966554
26.725	0.969694
26.75	0.97283
26.775	0.975972
26.8	0.979114
26.825	0.981911
26.85	0.9825
26.875	0.983089
26.9	0.98368
26.925	0.984271
26.95	0.984865
26.975	0.985251
27	0.985569
27.025	0.985888
27.05	0.98621
27.075	0.986544
27.1	0.987462
27.125	0.989628
27.15	0.991795
27.175	0.993964
27.2	0.996133
27.225	0.998291
27.25	0.99935
27.275	1.00025
27.3	1.00116
27.325	1.00206
27.35	1.00297
27.375	1.0043
27.4	1.00627
27.425	1.00821
27.45	1.01018
27.475	1.01216
27.5	1.01411
27.525	1.01214
27.55	1.00983
27.575	1.0075
27.6	1.00517
27.625	1.00289
27.65	1.00231
27.675	1.00452
27.7	1.00672
27.725	1.00892
27.75	1.01113
27.775	1.01339
27.8	1.01241
27.825	1.01089
27.85	1.00934
27.875	1.00781
27.9	1.00628
27.925	1.00463
27.95	1.00263
27.975	1.00062
28	0.998621
28.025	0.996621
28.05	0.994617
28.075	0.997547
28.1	1.00306
28.125	1.00863
28.15	1.01419
28.175	1.01977
28.2	1.02526
28.225	1.0236
28.25	1.0219
28.275	1.02023
28.3	1.01854
28.325	1.01686
28.35	1.01481
28.375	1.01205
28.4	1.00931
28.425	1.00656
28.45	1.0038
28.475	1.00097
28.5	1.00124
28.525	1.0031
28.55	1.00494
28.575	1.00678
28.6	1.00861
28.625	1.01036
28.65	1.00939
28.675	1.00806
28.7	1.00675
28.725	1.00543
28.75	1.0041
28.775	1.00307
28.8	1.00362
28.825	1.00417
28.85	1.00469
28.875	1.00521
28.9	1.00574
28.925	1.00516
28.95	1.00271
28.975	1.0003
29	0.997885
29.025	0.995467
29.05	0.993044
29.075	0.993374
29.1	0.995655
29.125	0.997961
29.15	1.00026
29.175	1.00257
29.2	1.00487
29.225	1.00636
29.25	1.00758
29.275	1.00877
29.3	1.00998
29.325	1.01118
29.35	1.01237
29.375	1.01273
29.4	1.01296
29.425	1.01319
29.45	1.01342
29.475	1.01366
29.5	1.01386
29.525	1.01078
29.55	1.00758
29.575	1.00437
29.6	1.00115
29.625	0.997941
29.65	0.994905
29.675	0.996148
29.7	0.997406
29.725	0.998654
29.75	0.9999
29.775	1.00114
29.8	1.00229
29.825	1.00233
29.85	1.00238
29.875	1.00241
29.9	1.00244
29.925	1.00247
29.95	1.00219
29.975	0.998899
30	0.995592
30.025	0.992287
30.05	0.988977
30.075	0.985666
30.1	0.982609
30.125	0.982796
30.15	0.982995
30.175	0.983183
30.2	0.983371
30.225	0.983554
30.25	0.983795
30.275	0.986295
30.3	0.988806
30.325	0.991307
30.35	0.993808
30.375	0.996312
30.4	0.998802
30.425	0.998407
30.45	0.997832
30.475	0.99726
30.5	0.996686
30.525	0.996109
30.55	0.995532
30.575	0.994909
30.6	0.994273
30.625	0.993639
30.65	0.993004
30.675	0.992367
30.7	0.99173
30.725	0.989925
30.75	0.987627
30.775	0.985316
30.8	0.983005
30.825	0.980694
30.85	0.978378
30.875	0.978605
30.9	0.981161
30.925	0.983719
30.95	0.986274
30.975	0.988826
31	0.991381
31.025	0.993428
31.05	0.994257
31.075	0.995118
31.1	0.995978
31.125	0.996836
31.15	0.997696
31.175	0.998669
31.2	1.00055
31.225	1.00246
31.25	1.00437
31.275	1.00628
31.3	1.00819
31.325	1.01013
31.35	1.01107
31.375	1.01184
31.4	1.0126
31.425	1.01337
31.45	1.01413
31.475	1.0149
31.5	1.01602
31.525	1.01748
31.55	1.01898
31.575	1.02045
31.6	1.02191
31.625	1.02337
31.65	1.02416
31.675	1.02195
31.7	1.01977
31.725	1.01758
31.75	1.01538
31.775	1.01318
31.8	1.01101
31.825	1.01149
31.85	1.0125
31.875	1.01351
31.9	1.01452
31.925	1.01554
31.95	1.01655
31.975	1.01617
32	1.01389
32.025	1.01165
32.05	1.00941
32.075	1.00717
32.1	1.00493
32.125	1.00306
32.15	1.00545
32.175	1.00817
32.2	1.01087
32.225	1.01357
32.25	1.01628
32.275	1.01904
32.3	1.01846
32.325	1.01534
32.35	1.01222
32.375	1.0091
32.4	1.00598
32.425	1.00287
32.45	0.99988
32.475	0.998625
32.5	0.99738
32.525	0.99613
32.55	0.994881
32.575	0.993633
32.6	0.992385
32.625	0.992769
32.65	0.994499
32.675	0.996237
32.7	0.997978
32.725	0.999716
32.75	1.00147
32.775	1.0031
32.8	1.00336
32.825	1.00349
32.85	1.00363
32.875	1.00375
32.9	1.0039
32.925	1.00401
32.95	1.00293
32.975	0.999992
33	0.997054
33.025	0.994113
33.05	0.991177
33.075	0.988238
33.1	0.985305
33.125	0.985207
33.15	0.985888
33.175	0.986583
33.2	0.987278
33.225	0.987973
33.25	0.988671
33.275	0.989359
33.3	0.989975
33.325	0.990591
33.35	0.99121
33.375	0.991827
33.4	0.992446
33.425	0.993067
33.45	0.993812
33.475	0.994725
33.5	0.995637
33.525	0.996549
33.55	0.997464
33.575	0.998379
33.6	0.999296
33.625	0.998955
33.65	0.998131
33.675	0.997299
33.7	0.996467
33.725	0.995637
33.75	0.99481
33.775	0.993881
33.8	0.991104
33.825	0.988138
33.85	0.985171
33.875	0.982204
33.9	0.979239
33.925	0.976286
33.95	0.97411
33.975	0.975932
34	0.977766
34.025	0.979596
34.05	0.981426
34.075	0.983257
34.1	0.985091
34.125	0.986169
34.15	0.985638
34.175	0.985149
34.2	0.984661
34.225	0.984173
34.25	0.983686
34.275	0.983199
34.3	0.983576
34.325	0.984878
34.35	0.986177
34.375	0.987479
34.4	0.988781
34.425	0.990083
34.45	0.991385
34.475	0.993099
34.5	0.995087
34.525	0.997081
34.55	0.999075
34.575	1.00107
34.6	1.00306
34.625	1.00509
34.65	1.00577
34.675	1.00587
34.7	1.00594
34.725	1.00603
34.75	1.00611
34.775	1.0062
34.8	1.00628
34.825	1.00552
34.85	1.00441
34.875	1.00329
34.9	1.00217
34.925	1.00107
34.95	0.999945
34.975	0.998777
35	0.999435
35.025	1.00076
35.05	1.00211
35.075	1.00344
35.1	1.00478
35.125	1.00612
35.15	1.00747
35.175	1.00679
35.2	1.00516
35.225	1.00352
35.25	1.00187
35.275	1.00021
35.3	0.998557
35.325	0.996877
35.35	0.996834
35.375	0.997823
35.4	0.99881
35.425	0.999801
35.45	1.00078
35.475	1.00177
35.5	1.00276
35.525	1.00421
35.55	1.00618
35.575	1.00816
35.6	1.01011
35.625	1.01209
35.65	1.01405
35.675	1.01599
35.7	1.01731
35.725	1.01737
35.75	1.01744
35.775	1.01749
35.8	1.01755
35.825	1.01762
35.85	1.01768
35.875	1.01751
35.9	1.01617
35.925	1.01485
35.95	1.01353
35.975	1.01222
36	1.01088
36.025	1.00957
36.05	1.00824
36.075	1.00894
36.1	1.00973
36.125	1.01053
36.15	1.01129
36.175	1.01208
36.2	1.01285
36.225	1.01367
36.25	1.01357
36.275	1.01315
36.3	1.01276
36.325	1.01235
36.35	1.01193
36.375	1.01151
36.4	1.01109
36.425	1.01029
36.45	1.00889
36.475	1.00754
36.5	1.00615
36.525	1.00476
36.55	1.0034
36.575	1.00202
36.6	1.00085
36.625	1.00136
36.65	1.00188
36.675	1.00239
36.7	1.00292
36.725	1.00343
36.75	1.00395
36.775	1.00449
36.8	1.00398
36.825	1.00308
36.85	1.00217
36.875	1.00124
36.9	1.0003
36.925	0.999345
36.95	0.998389
36.975	0.997429
37	0.996467
