0.2	5.79716
0.21	4.5106
0.22	4.3338
0.23	3.63616
0.24	3.44849
0.25	3.31145
0.26	3.14116
0.27	2.5946
0.28	2.5161
0.29	2.37609
0.3	2.41258
0.31	2.20816
0.32	2.02068
0.33	1.87552
0.34	1.8777
0.35	1.79359
0.36	1.72176
0.37	1.67374
0.38	1.5606
0.39	1.50617
0.4	1.48912
0.41	1.50094
0.42	1.52366
0.43	1.46032
0.44	1.64039
0.45	1.67112
0.46	1.90057
0.47	2.13357
0.48	2.42276
0.49	3.15288
0.5	4.12323
0.51	5.51974
0.52	6.66429
0.53	7.85507
0.54	9.02271
0.55	9.72993
0.56	9.70089
0.57	8.75522
0.58	7.48112
0.59	6.09933
0.6	4.95214
0.61	4.10035
0.62	3.49831
0.63	3.08468
0.64	2.72539
0.65	2.50622
0.66	2.3598
0.67	2.20698
0.68	2.15903
0.69	2.14735
0.7	2.08919
0.71	2.0799
0.72	2.1888
0.73	2.1742
0.74	2.21131
0.75	2.27736
0.76	2.33321
0.77	2.5451
0.78	2.694
0.79	3.10024
0.8	3.70442
0.81	4.21319
0.82	4.7161
0.83	4.81492
0.84	4.57904
0.85	3.98232
0.86	3.46083
0.87	3.07461
0.88	2.73438
0.89	2.50935
0.9	2.36193
0.91	2.17855
0.92	2.06816
0.93	2.06797
0.94	2.20534
0.95	2.16562
0.96	1.85607
0.97	1.78047
0.98	1.8126
0.99	1.94238
1	2.20012
1.01	2.64515
1.02	3.07581
1.03	3.2872
1.04	3.10002
1.05	2.51786
1.06	1.92505
1.07	1.49483
1.08	1.14476
1.09	0.892467
1.1	0.68566
1.11	0.574221
1.12	0.500722
1.13	0.470738
1.14	0.39111
1.15	0.531055
1.16	0.897196
1.17	1.27024
1.18	1.05384
1.19	0.497567
1.2	0.217812
1.21	0.160375
1.22	0.0910543
1.23	0.0421934
1.24	0.00940583
1.25	-0.0098249
1.26	-0.0718426
1.27	-0.152061
1.28	-0.219096
1.29	-0.253806
1.3	-0.27433
1.31	-0.298562
1.32	-0.37036
1.33	-0.396457
1.34	-0.385174
1.35	-0.420814
1.36	-0.38835
1.37	-0.404061
1.38	-0.343874
1.39	-0.309516
1.4	-0.304314
1.41	-0.269211
1.42	-0.239252
1.43	-0.202878
1.44	-0.16315
1.45	-0.135861
1.46	-0.0875862
1.47	-0.044114
1.48	0.0136902
1.49	0.104479
1.5	0.225241
1.51	0.433209
1.52	0.586458
1.53	0.507145
1.54	0.502652
1.55	0.655668
1.56	1.00934
1.57	1.85649
1.58	4.31787
1.59	6.46743
1.6	4.48772
1.61	1.59984
1.62	0.73314
1.63	0.465883
1.64	0.346077
1.65	0.303347
1.66	0.278134
1.67	0.272417
1.68	0.278334
1.69	0.278028
1.7	0.300615
1.71	0.314942
1.72	0.33686
1.73	0.376518
1.74	0.417077
1.75	0.447688
1.76	0.503565
1.77	0.592346
1.78	0.760153
1.79	0.86931
1.8	0.787115
1.81	0.742638
1.82	0.823522
1.83	0.957474
1.84	1.01059
1.85	0.928549
1.86	0.837984
1.87	0.885135
1.88	1.31234
1.89	1.8478
1.9	1.60499
1.91	1.01891
1.92	0.765546
1.93	0.720683
1.94	0.719423
1.95	0.704095
1.96	0.690068
1.97	0.682531
1.98	0.672819
1.99	0.662356
2	0.659512
2.01	0.690396
2.02	0.745183
2.03	0.794082
2.04	0.801171
2.05	0.857811
2.06	1.14063
2.07	1.67726
2.08	1.93187
2.09	1.41774
2.1	0.77752
2.11	0.544284
2.12	0.539505
2.13	0.655748
2.14	0.870778
2.15	0.944732
2.16	0.815174
2.17	0.654525
2.18	0.556574
2.19	0.488954
2.2	0.429768
2.21	0.381004
2.22	0.338695
2.23	0.30638
2.24	0.298944
2.25	0.300192
2.26	0.289902
2.27	0.304964
2.28	0.320251
2.29	0.3319
2.3	0.342883
2.31	0.355457
2.32	0.372602
2.33	0.387345
2.34	0.399847
2.35	0.395173
2.36	0.377787
2.37	0.355017
2.38	0.334455
2.39	0.323223
2.4	0.313193
2.41	0.309423
2.42	0.3041
2.43	0.298473
2.44	0.293278
2.45	0.280341
2.46	0.276217
2.47	0.278222
2.48	0.281473
2.49	0.287606
2.5	0.304926
2.51	0.374392
2.52	0.440904
2.53	0.507262
2.54	0.552097
2.55	0.524732
2.56	0.4846
2.57	0.461614
2.58	0.452042
2.59	0.451993
2.6	0.464854
2.61	0.478551
2.62	0.490737
2.63	0.501129
2.64	0.511008
2.65	0.50045
2.66	0.486031
2.67	0.479949
2.68	0.506103
2.69	0.538718
2.7	0.567289
2.71	0.594889
2.72	0.636505
2.73	0.68749
2.74	0.742454
2.75	0.801028
2.76	0.871826
2.77	0.94973
2.78	1.04367
2.79	1.16453
2.8	1.31716
2.81	1.41008
2.82	1.43811
2.83	1.38855
2.84	1.32886
2.85	1.26511
2.86	1.20119
2.87	1.1443
2.88	1.09961
2.89	1.06944
2.9	1.06451
2.91	1.06604
2.92	1.07445
2.93	1.10022
2.94	1.12794
2.95	1.15456
2.96	1.16841
2.97	1.18234
2.98	1.2071
2.99	1.27836
3	1.38491
3.01	1.52478
3.02	1.73901
3.03	1.90301
3.04	1.98477
3.05	1.77505
3.06	1.54583
3.07	1.32203
3.08	1.22414
3.09	1.1631
3.1	1.12956
3.11	1.10483
3.12	1.09077
3.13	1.08857
3.14	1.10046
3.15	1.11262
3.16	1.12269
3.17	1.12504
3.18	1.12326
3.19	1.11353
3.2	1.10108
3.21	1.08668
3.22	1.06402
3.23	1.05023
3.24	1.05169
3.25	1.0614
3.26	1.07447
3.27	1.09222
3.28	1.10715
3.29	1.11921
3.3	1.12468
3.31	1.12851
3.32	1.13047
3.33	1.12642
3.34	1.11732
3.35	1.09044
3.36	1.06216
3.37	1.03841
3.38	1.01948
3.39	1.0051
3.4	1.00948
3.41	1.01938
3.42	1.03973
3.43	1.03193
3.44	0.983908
3.45	0.913685
3.46	0.833658
3.47	0.811007
3.48	0.79735
3.49	0.807039
3.5	0.819096
3.51	0.833647
3.52	0.842941
3.53	0.850336
3.54	0.859819
3.55	0.87284
3.56	0.899595
3.57	0.919024
3.58	0.928468
3.59	0.938594
3.6	0.949108
3.61	0.928104
3.62	0.900694
3.63	0.864487
3.64	0.828249
3.65	0.791941
3.66	0.763201
3.67	0.746239
3.68	0.731327
3.69	0.718037
3.7	0.696454
3.71	0.671557
3.72	0.649516
3.73	0.627958
3.74	0.634006
3.75	0.640623
3.76	0.651107
3.77	0.663775
3.78	0.683004
3.79	0.6906
3.8	0.67762
3.81	0.670027
3.82	0.668707
3.83	0.671576
3.84	0.677819
3.85	0.682117
3.86	0.6853
3.87	0.689486
3.88	0.694089
3.89	0.688748
3.9	0.680446
3.91	0.674673
3.92	0.669451
3.93	0.657728
3.94	0.645005
3.95	0.628458
3.96	0.611485
3.97	0.603898
3.98	0.597094
3.99	0.599141
4	0.601784
4.01	0.592575
4.02	0.582594
4.03	0.566719
4.04	0.550409
4.05	0.545084
4.06	0.540743
4.07	0.541527
4.08	0.542926
4.09	0.563776
4.1	0.587962
4.11	0.610648
4.12	0.632958
4.13	0.672251
4.14	0.717244
4.15	0.740793
4.16	0.754282
4.17	0.769846
4.18	0.786777
4.19	0.796433
4.2	0.799216
4.21	0.795939
4.22	0.784127
4.23	0.767654
4.24	0.740581
4.25	0.716402
4.26	0.704895
4.27	0.694173
4.28	0.696814
4.29	0.699465
4.3	0.684301
4.31	0.667449
4.32	0.663289
4.33	0.663117
4.34	0.663391
4.35	0.663958
4.36	0.668588
4.37	0.678728
4.38	0.684579
4.39	0.676799
4.4	0.668438
4.41	0.647464
4.42	0.626478
4.43	0.620701
4.44	0.617881
4.45	0.62859
4.46	0.647625
4.47	0.666128
4.48	0.683806
4.49	0.701349
4.5	0.71818
4.51	0.735001
4.52	0.739963
4.53	0.743575
4.54	0.735732
4.55	0.721321
4.56	0.711674
4.57	0.710454
4.58	0.708925
4.59	0.703712
4.6	0.698494
4.61	0.699822
4.62	0.703004
4.63	0.707731
4.64	0.714196
4.65	0.721008
4.66	0.729776
4.67	0.738543
4.68	0.754277
4.69	0.771555
4.7	0.791765
4.71	0.815212
4.72	0.837364
4.73	0.850031
4.74	0.862698
4.75	0.875426
4.76	0.888173
4.77	0.902779
4.78	0.920487
4.79	0.938199
4.8	0.975103
4.81	1.01234
4.82	1.05827
4.83	1.11048
4.84	1.15741
4.85	1.17767
4.86	1.1979
4.87	1.18388
4.88	1.15774
4.89	1.1392
4.9	1.13845
4.91	1.13771
4.92	1.14382
4.93	1.15115
4.94	1.16034
4.95	1.17247
4.96	1.18459
4.97	1.21344
4.98	1.24398
4.99	1.27478
5	1.30597
5.01	1.33717
5.02	1.35712
5.03	1.37608
5.04	1.39368
5.05	1.40932
5.06	1.42496
5.07	1.4475
5.08	1.47099
5.09	1.49448
5.1	1.51797
5.11	1.54143
5.12	1.56967
5.13	1.59919
5.14	1.63018
5.15	1.66631
5.16	1.70242
5.17	1.71587
5.18	1.71689
5.19	1.71649
5.2	1.69186
5.21	1.66722
5.22	1.63517
5.23	1.59413
5.24	1.55311
5.25	1.5347
5.26	1.52074
5.27	1.51111
5.28	1.51806
5.29	1.52504
5.3	1.53506
5.31	1.54748
5.32	1.55987
5.33	1.55563
5.34	1.54969
5.35	1.54186
5.36	1.52803
5.37	1.51422
5.38	1.51551
5.39	1.52888
5.4	1.54226
5.41	1.55572
5.42	1.5692
5.43	1.57978
5.44	1.57391
5.45	1.56804
5.46	1.54981
5.47	1.51496
5.48	1.48011
5.49	1.44759
5.5	1.41612
5.51	1.38464
5.52	1.36776
5.53	1.35183
5.54	1.33698
5.55	1.32713
5.56	1.31729
5.57	1.30727
5.58	1.29695
5.59	1.28664
5.6	1.27619
5.61	1.26569
5.62	1.25516
5.63	1.23334
5.64	1.20866
5.65	1.18396
5.66	1.16461
5.67	1.14537
5.68	1.1283
5.69	1.12429
5.7	1.12025
5.71	1.11493
5.72	1.10953
5.73	1.10118
5.74	1.09284
5.75	1.06592
5.76	1.03775
5.77	1.01003
5.78	0.989608
5.79	0.969184
5.8	0.950699
5.81	0.942034
5.82	0.933374
5.83	0.927004
5.84	0.92725
5.85	0.927499
5.86	0.925978
5.87	0.920948
5.88	0.915918
5.89	0.910914
5.9	0.905946
5.91	0.90098
5.92	0.898501
5.93	0.899103
5.94	0.899705
5.95	0.894656
5.96	0.883488
5.97	0.872321
5.98	0.862062
5.99	0.852717
6	0.843372
6.01	0.835176
6.02	0.828119
6.03	0.821063
6.04	0.818143
6.05	0.819499
6.06	0.820858
6.07	0.825554
6.08	0.834089
6.09	0.842626
6.1	0.847084
6.11	0.845989
6.12	0.844895
6.13	0.8427
6.14	0.838609
6.15	0.834517
6.16	0.828697
6.17	0.818742
6.18	0.808787
6.19	0.800645
6.2	0.799457
6.21	0.798273
6.22	0.797281
6.23	0.797952
6.24	0.798624
6.25	0.799298
6.26	0.801877
6.27	0.804485
6.28	0.807092
6.29	0.810978
6.3	0.815089
6.31	0.819199
6.32	0.821292
6.33	0.822521
6.34	0.823749
6.35	0.821503
6.36	0.81623
6.37	0.810957
6.38	0.807741
6.39	0.808296
6.4	0.80885
6.41	0.808913
6.42	0.806302
6.43	0.803691
6.44	0.80108
6.45	0.80226
6.46	0.803678
6.47	0.805096
6.48	0.803755
6.49	0.801298
6.5	0.798839
6.51	0.796869
6.52	0.795457
6.53	0.794043
6.54	0.793947
6.55	0.799013
6.56	0.804082
6.57	0.809149
6.58	0.810699
6.59	0.811962
6.6	0.813222
6.61	0.812248
6.62	0.809952
6.63	0.807656
6.64	0.806744
6.65	0.808809
6.66	0.810875
6.67	0.812941
6.68	0.813396
6.69	0.813831
6.7	0.814267
6.71	0.81531
6.72	0.816687
6.73	0.818067
6.74	0.819345
6.75	0.820368
6.76	0.821391
6.77	0.822414
6.78	0.827615
6.79	0.833265
6.8	0.838912
6.81	0.839327
6.82	0.834664
6.83	0.83
6.84	0.826005
6.85	0.828399
6.86	0.83079
6.87	0.833181
6.88	0.838271
6.89	0.844718
6.9	0.851165
6.91	0.855764
6.92	0.853743
6.93	0.851718
6.94	0.849694
6.95	0.849442
6.96	0.849771
6.97	0.850098
6.98	0.850809
6.99	0.852548
7	0.854286
7.01	0.856024
7.02	0.859468
7.03	0.863415
7.04	0.86736
7.05	0.870715
7.06	0.872351
7.07	0.873987
7.08	0.87562
7.09	0.875458
7.1	0.874599
7.11	0.873741
7.12	0.874356
7.13	0.882204
7.14	0.890053
7.15	0.897899
7.16	0.902385
7.17	0.904623
7.18	0.906861
7.19	0.909147
7.2	0.915694
7.21	0.92224
7.22	0.928785
7.23	0.932984
7.24	0.933741
7.25	0.934496
7.26	0.935252
7.27	0.939469
7.28	0.944655
7.29	0.949839
7.3	0.95469
7.31	0.957481
7.32	0.960272
7.33	0.963063
7.34	0.967501
7.35	0.973736
7.36	0.97997
7.37	0.986202
7.38	0.99273
7.39	0.999331
7.4	1.00593
7.41	1.01241
7.42	1.01785
7.43	1.02327
7.44	1.0287
7.45	1.03199
7.46	1.03184
7.47	1.0317
7.48	1.03155
7.49	1.0377
7.5	1.04718
7.51	1.05667
7.52	1.06616
7.53	1.07461
7.54	1.08292
7.55	1.09124
7.56	1.09869
7.57	1.10014
7.58	1.10157
7.59	1.10302
7.6	1.10675
7.61	1.11499
7.62	1.12324
7.63	1.13149
7.64	1.13733
7.65	1.14101
7.66	1.14471
7.67	1.14839
7.68	1.15492
7.69	1.16267
7.7	1.17044
7.71	1.17819
7.72	1.18349
7.73	1.18834
7.74	1.1932
7.75	1.19805
7.76	1.1969
7.77	1.19563
7.78	1.19437
7.79	1.19377
7.8	1.19971
7.81	1.20563
7.82	1.21156
7.83	1.21741
7.84	1.22296
7.85	1.2285
7.86	1.23404
7.87	1.23727
7.88	1.23389
7.89	1.23053
7.9	1.22716
7.91	1.226
7.92	1.22963
7.93	1.23328
7.94	1.23692
7.95	1.23647
7.96	1.2284
7.97	1.22035
7.98	1.21228
7.99	1.20707
8	1.20693
8.01	1.20678
8.02	1.20662
8.03	1.20595
8.04	1.20431
8.05	1.20268
8.06	1.20103
8.07	1.19911
8.08	1.19664
8.09	1.19417
8.1	1.19168
8.11	1.18942
8.12	1.18769
8.13	1.18596
8.14	1.18421
8.15	1.18191
8.16	1.17755
8.17	1.17318
8.18	1.1688
8.19	1.16443
8.2	1.16005
8.21	1.15566
8.22	1.15126
8.23	1.14691
8.24	1.14407
8.25	1.14123
8.26	1.13839
8.27	1.13555
8.28	1.12862
8.29	1.12126
8.3	1.11387
8.31	1.10649
8.32	1.10042
8.33	1.09477
8.34	1.08915
8.35	1.08352
8.36	1.07812
8.37	1.07294
8.38	1.06771
8.39	1.06251
8.4	1.05822
8.41	1.0554
8.42	1.05257
8.43	1.04974
8.44	1.04713
8.45	1.04568
8.46	1.04422
8.47	1.04275
8.48	1.04128
8.49	1.04032
8.5	1.03939
8.51	1.03845
8.52	1.0375
8.53	1.03574
8.54	1.03363
8.55	1.03149
8.56	1.02936
8.57	1.02761
8.58	1.02639
8.59	1.02515
8.6	1.02394
8.61	1.02288
8.62	1.02313
8.63	1.02337
8.64	1.02361
8.65	1.02385
8.66	1.02443
8.67	1.02507
8.68	1.02571
8.69	1.02633
8.7	1.0262
8.71	1.0252
8.72	1.02418
8.73	1.02316
8.74	1.02189
8.75	1.01842
8.76	1.01495
8.77	1.01147
8.78	1.00799
8.79	1.00507
8.8	1.00236
8.81	0.999653
8.82	0.996939
8.83	0.99529
8.84	0.995984
8.85	0.996675
8.86	0.997361
8.87	0.998043
8.88	0.998224
8.89	0.998337
8.9	0.998446
8.91	0.998552
8.92	1.00119
8.93	1.00713
8.94	1.01306
8.95	1.01899
8.96	1.0249
8.97	1.02444
8.98	1.02373
8.99	1.02302
9	1.02231
9.01	1.02101
9.02	1.01904
9.03	1.01707
9.04	1.0151
9.05	1.01312
9.06	1.01426
9.07	1.01556
9.08	1.01687
9.09	1.01817
9.1	1.01947
9.11	1.0208
9.12	1.0221
9.13	1.02341
9.14	1.02472
9.15	1.02387
9.16	1.02265
9.17	1.02144
9.18	1.02021
9.19	1.01898
9.2	1.01777
9.21	1.01654
9.22	1.01531
9.23	1.01408
9.24	1.01346
9.25	1.01317
9.26	1.01288
9.27	1.01259
9.28	1.01234
9.29	1.01382
9.3	1.01529
9.31	1.01675
9.32	1.01822
9.33	1.01921
9.34	1.0194
9.35	1.01956
9.36	1.01973
9.37	1.0199
9.38	1.01917
9.39	1.01804
9.4	1.01689
9.41	1.01574
9.42	1.01459
9.43	1.01768
9.44	1.02079
9.45	1.02392
9.46	1.02703
9.47	1.02986
9.48	1.0319
9.49	1.03392
9.5	1.03595
9.51	1.03797
9.52	1.03677
9.53	1.03251
9.54	1.02825
9.55	1.02397
9.56	1.01971
9.57	1.02021
9.58	1.02237
9.59	1.02453
9.6	1.02669
9.61	1.02885
9.62	1.02941
9.63	1.02989
9.64	1.03036
9.65	1.03082
9.66	1.03098
9.67	1.02902
9.68	1.02704
9.69	1.02506
9.7	1.02308
9.71	1.02179
9.72	1.02228
9.73	1.02279
9.74	1.02328
9.75	1.02376
9.76	1.02364
9.77	1.0227
9.78	1.02174
9.79	1.02077
9.8	1.01979
9.81	1.01857
9.82	1.01707
9.83	1.01558
9.84	1.01406
9.85	1.01257
9.86	1.01045
9.87	1.0079
9.88	1.00536
9.89	1.00281
9.9	1.00026
9.91	0.999989
9.92	1.00092
9.93	1.00185
9.94	1.00278
9.95	1.00371
9.96	1.00272
9.97	1.00084
9.98	0.998963
9.99	0.997083
10	0.995199
10.01	0.994973
10.02	0.99548
10.03	0.995982
10.04	0.996483
10.05	0.99698
10.06	0.997159
10.07	0.997181
10.08	0.997202
10.09	0.997221
10.1	0.997234
10.11	0.996138
10.12	0.994395
10.13	0.992648
10.14	0.9909
10.15	0.989147
10.16	0.986916
10.17	0.984312
10.18	0.981704
10.19	0.979095
10.2	0.976482
10.21	0.973318
10.22	0.969531
10.23	0.96574
10.24	0.961947
10.25	0.958151
10.26	0.955843
10.27	0.956298
10.28	0.956753
10.29	0.957203
10.3	0.957652
10.31	0.957591
10.32	0.955552
10.33	0.953513
10.34	0.95147
10.35	0.949426
10.36	0.947352
10.37	0.944468
10.38	0.941581
10.39	0.938694
10.4	0.935803
10.41	0.932911
10.42	0.931077
10.43	0.929448
10.44	0.927816
10.45	0.926184
10.46	0.924551
10.47	0.921532
10.48	0.917642
10.49	0.91375
10.5	0.909855
10.51	0.905961
10.52	0.901842
10.53	0.897335
10.54	0.892827
10.55	0.888316
10.56	0.883804
10.57	0.879423
10.58	0.876418
10.59	0.873411
10.6	0.870402
10.61	0.86739
10.62	0.864378
10.63	0.862377
10.64	0.860647
10.65	0.858915
10.66	0.857184
10.67	0.855451
10.68	0.852876
10.69	0.849307
10.7	0.845735
10.71	0.842164
10.72	0.83859
10.73	0.834911
10.74	0.830333
10.75	0.825753
10.76	0.821171
10.77	0.816589
10.78	0.812003
10.79	0.811903
10.8	0.813551
10.81	0.815196
10.82	0.81684
10.83	0.818483
10.84	0.818907
10.85	0.816619
10.86	0.814328
10.87	0.812038
10.88	0.809746
10.89	0.807454
10.9	0.808549
10.91	0.810134
10.92	0.81172
10.93	0.813302
10.94	0.814884
10.95	0.815504
10.96	0.814736
10.97	0.81397
10.98	0.813199
10.99	0.812429
11	0.811657
11.01	0.812934
11.02	0.814393
11.03	0.815851
11.04	0.817309
11.05	0.818765
11.06	0.819963
11.07	0.820778
11.08	0.821592
11.09	0.822403
11.1	0.823215
11.11	0.824025
11.12	0.822723
11.13	0.821052
11.14	0.819382
11.15	0.817712
11.16	0.81604
11.17	0.815307
11.18	0.817024
11.19	0.818738
11.2	0.820451
11.21	0.822163
11.22	0.823874
11.23	0.824848
11.24	0.825468
11.25	0.826086
11.26	0.826704
11.27	0.82732
11.28	0.827952
11.29	0.828948
11.3	0.829942
11.31	0.830935
11.32	0.831928
11.33	0.832919
11.34	0.833453
11.35	0.833263
11.36	0.833073
11.37	0.83288
11.38	0.832687
11.39	0.832494
11.4	0.834415
11.41	0.83725
11.42	0.840084
11.43	0.842915
11.44	0.845746
11.45	0.848577
11.46	0.852877
11.47	0.857199
11.48	0.861522
11.49	0.865842
11.5	0.870165
11.51	0.87407
11.52	0.876657
11.53	0.879241
11.54	0.881826
11.55	0.88441
11.56	0.886993
11.57	0.889055
11.58	0.890513
11.59	0.891971
11.6	0.89343
11.61	0.894889
11.62	0.896346
11.63	0.898969
11.64	0.902186
11.65	0.905404
11.66	0.908621
11.67	0.91184
11.68	0.915056
11.69	0.919634
11.7	0.924489
11.71	0.929344
11.72	0.934198
11.73	0.939053
11.74	0.943906
11.75	0.944916
11.76	0.945806
11.77	0.946696
11.78	0.947586
11.79	0.948476
11.8	0.949652
11.81	0.95416
11.82	0.958669
11.83	0.963178
11.84	0.967686
11.85	0.972194
11.86	0.976538
11.87	0.980025
11.88	0.983512
11.89	0.986998
11.9	0.990484
11.91	0.993969
11.92	0.997481
11.93	1.00109
11.94	1.00469
11.95	1.0083
11.96	1.01191
11.97	1.0155
11.98	1.01948
11.99	1.02465
12	1.02981
12.01	1.03498
12.02	1.04015
12.03	1.04532
12.04	1.05055
12.05	1.05599
12.06	1.06145
12.07	1.06691
12.08	1.07237
12.09	1.0778
12.1	1.08324
12.11	1.08853
12.12	1.09381
12.13	1.09909
12.14	1.1044
12.15	1.10968
12.16	1.11493
12.17	1.11985
12.18	1.12477
12.19	1.12969
12.2	1.13463
12.21	1.13955
12.22	1.14446
12.23	1.1486
12.24	1.15271
12.25	1.15683
12.26	1.16097
12.27	1.16509
12.28	1.16923
12.29	1.17282
12.3	1.17635
12.31	1.17988
12.32	1.18341
12.33	1.18691
12.34	1.19044
12.35	1.19441
12.36	1.19857
12.37	1.20271
12.38	1.20687
12.39	1.21101
12.4	1.21515
12.41	1.2169
12.42	1.21647
12.43	1.21604
12.44	1.21562
12.45	1.21521
12.46	1.21478
12.47	1.2147
12.48	1.21543
12.49	1.21619
12.5	1.21692
12.51	1.21766
12.52	1.21839
12.53	1.21924
12.54	1.22231
12.55	1.22537
12.56	1.22843
12.57	1.2315
12.58	1.23458
12.59	1.23764
12.6	1.23866
12.61	1.23902
12.62	1.23941
12.63	1.23978
12.64	1.24014
12.65	1.24053
12.66	1.24023
12.67	1.23906
12.68	1.2379
12.69	1.23676
12.7	1.23559
12.71	1.23443
12.72	1.23323
12.73	1.23151
12.74	1.22979
12.75	1.22807
12.76	1.22635
12.77	1.22461
12.78	1.22289
12.79	1.22018
12.8	1.21705
12.81	1.21391
12.82	1.21078
12.83	1.20765
12.84	1.20451
12.85	1.20176
12.86	1.19993
12.87	1.19809
12.88	1.19627
12.89	1.19444
12.9	1.1926
12.91	1.19077
12.92	1.18941
12.93	1.18813
12.94	1.18684
12.95	1.18556
12.96	1.18426
12.97	1.18297
12.98	1.1807
12.99	1.17674
13	1.17278
13.01	1.16882
13.02	1.16484
13.03	1.16088
13.04	1.15693
13.05	1.15405
13.06	1.15137
13.07	1.14867
13.08	1.14599
13.09	1.14329
13.1	1.14061
13.11	1.13774
13.12	1.13452
13.13	1.13132
13.14	1.12811
13.15	1.12489
13.16	1.12167
13.17	1.11845
13.18	1.11502
13.19	1.11152
13.2	1.10801
13.21	1.1045
13.22	1.101
13.23	1.09749
13.24	1.09394
13.25	1.09017
13.26	1.08641
13.27	1.08264
13.28	1.07886
13.29	1.07508
13.3	1.07131
13.31	1.06814
13.32	1.06562
13.33	1.06313
13.34	1.06061
13.35	1.05809
13.36	1.05557
13.37	1.05305
13.38	1.04931
13.39	1.04531
13.4	1.04128
13.41	1.03727
13.42	1.03324
13.43	1.02923
13.44	1.02528
13.45	1.02196
13.46	1.01863
13.47	1.01533
13.48	1.01201
13.49	1.00869
13.5	1.00537
13.51	1.00246
13.52	1.00028
13.53	0.998101
13.54	0.995922
13.55	0.993743
13.56	0.991562
13.57	0.98938
13.58	0.987467
13.59	0.985747
13.6	0.984027
13.61	0.982307
13.62	0.980586
13.63	0.978865
13.64	0.977142
13.65	0.974204
13.66	0.970897
13.67	0.967591
13.68	0.964284
13.69	0.960976
13.7	0.957668
13.71	0.954359
13.72	0.952051
13.73	0.949827
13.74	0.947603
13.75	0.945377
13.76	0.943152
13.77	0.940925
13.78	0.938698
13.79	0.936476
13.8	0.934253
13.81	0.93203
13.82	0.929806
13.83	0.927582
13.84	0.925355
13.85	0.92352
13.86	0.92432
13.87	0.92512
13.88	0.92592
13.89	0.92672
13.9	0.927517
13.91	0.928315
13.92	0.928849
13.93	0.928177
13.94	0.927503
13.95	0.926829
13.96	0.926155
13.97	0.92548
13.98	0.924806
13.99	0.92402
14	0.922791
14.01	0.921561
14.02	0.92033
14.03	0.919096
14.04	0.917865
14.05	0.916632
14.06	0.915384
14.07	0.914078
14.08	0.91277
14.09	0.911461
14.1	0.910152
14.11	0.908841
14.12	0.90753
14.13	0.906401
14.14	0.906579
14.15	0.906755
14.16	0.906931
14.17	0.907107
14.18	0.907283
14.19	0.907457
14.2	0.907627
14.21	0.907709
14.22	0.90779
14.23	0.90787
14.24	0.907949
14.25	0.908026
14.26	0.908103
14.27	0.90818
14.28	0.908861
14.29	0.909602
14.3	0.910343
14.31	0.911082
14.32	0.911821
14.33	0.91256
14.34	0.913297
14.35	0.914912
14.36	0.916825
14.37	0.918738
14.38	0.920651
14.39	0.922561
14.4	0.924472
14.41	0.92638
14.42	0.927529
14.43	0.928047
14.44	0.928564
14.45	0.929082
14.46	0.929597
14.47	0.93011
14.48	0.930624
14.49	0.931834
14.5	0.934568
14.51	0.937302
14.52	0.940035
14.53	0.942767
14.54	0.945497
14.55	0.948227
14.56	0.950821
14.57	0.950495
14.58	0.950169
14.59	0.949842
14.6	0.949514
14.61	0.949183
14.62	0.948853
14.63	0.94852
14.64	0.947882
14.65	0.947135
14.66	0.946386
14.67	0.945635
14.68	0.944884
14.69	0.944133
14.7	0.94338
14.71	0.943977
14.72	0.946648
14.73	0.94932
14.74	0.95199
14.75	0.95466
14.76	0.957327
14.77	0.959995
14.78	0.962657
14.79	0.965067
14.8	0.967477
14.81	0.969887
14.82	0.972294
14.83	0.974702
14.84	0.977107
14.85	0.979511
14.86	0.979813
14.87	0.978698
14.88	0.977581
14.89	0.976463
14.9	0.975344
14.91	0.974225
14.92	0.973105
14.93	0.972348
14.94	0.973781
14.95	0.975212
14.96	0.976643
14.97	0.978072
14.98	0.979501
14.99	0.980929
15	0.982354
15.01	0.983389
15.02	0.984215
15.03	0.98504
15.04	0.985862
15.05	0.986685
15.06	0.987505
15.07	0.988325
15.08	0.989144
15.09	0.989958
15.1	0.990772
15.11	0.991585
15.12	0.992397
15.13	0.993207
15.14	0.994016
15.15	0.994824
15.16	0.994824
15.17	0.994176
15.18	0.993528
15.19	0.992878
15.2	0.992226
15.21	0.991572
15.22	0.990919
15.23	0.990265
15.24	0.989739
15.25	0.989221
15.26	0.988699
15.27	0.988178
15.28	0.987656
15.29	0.987133
15.3	0.986609
15.31	0.985964
15.32	0.985051
15.33	0.984135
15.34	0.983219
15.35	0.982303
15.36	0.981385
15.37	0.980466
15.38	0.979544
15.39	0.979546
15.4	0.980104
15.41	0.98066
15.42	0.981214
15.43	0.981767
15.44	0.982319
15.45	0.982873
15.46	0.983422
15.47	0.983267
15.48	0.983034
15.49	0.982802
15.5	0.982567
15.51	0.982333
15.52	0.982097
15.53	0.981859
15.54	0.981751
15.55	0.982429
15.56	0.983105
15.57	0.983781
15.58	0.984453
15.59	0.985125
15.6	0.985798
15.61	0.986468
15.62	0.986367
15.63	0.984811
15.64	0.983253
15.65	0.981695
15.66	0.980135
15.67	0.978574
15.68	0.977012
15.69	0.975448
15.7	0.973321
15.71	0.97065
15.72	0.967977
15.73	0.965304
15.74	0.962629
15.75	0.959952
15.76	0.957275
15.77	0.954596
15.78	0.953846
15.79	0.95422
15.8	0.954593
15.81	0.954965
15.82	0.955335
15.83	0.955706
15.84	0.956074
15.85	0.956443
15.86	0.957314
15.87	0.958388
15.88	0.959458
15.89	0.960528
15.9	0.961597
15.91	0.962666
15.92	0.963734
15.93	0.9648
15.94	0.964974
15.95	0.964862
15.96	0.96475
15.97	0.964637
15.98	0.964524
15.99	0.964409
16	0.964293
16.01	0.964178
16.02	0.964303
16.03	0.964504
16.04	0.964704
16.05	0.964904
16.06	0.965101
16.07	0.965297
16.08	0.965494
16.09	0.965691
16.1	0.966638
16.11	0.967869
16.12	0.969098
16.13	0.970326
16.14	0.971553
16.15	0.972781
16.16	0.974008
16.17	0.975232
16.18	0.974288
16.19	0.972173
16.2	0.970058
16.21	0.96794
16.22	0.965824
16.23	0.963706
16.24	0.961587
16.25	0.959466
16.26	0.959365
16.27	0.961038
16.28	0.96271
16.29	0.96438
16.3	0.966051
16.31	0.967719
16.32	0.969386
16.33	0.971055
16.34	0.973077
16.35	0.975695
16.36	0.978312
16.37	0.980929
16.38	0.983544
16.39	0.986159
16.4	0.988773
16.41	0.991384
16.42	0.993601
16.43	0.993946
16.44	0.994292
16.45	0.994637
16.46	0.994981
16.47	0.995325
16.48	0.995665
16.49	0.996008
16.5	0.996349
16.51	0.997815
16.52	0.99936
16.53	1.0009
16.54	1.00245
16.55	1.00398
16.56	1.00553
16.57	1.00707
16.58	1.00862
16.59	1.00895
16.6	1.00865
16.61	1.00833
16.62	1.00803
16.63	1.00771
16.64	1.00741
16.65	1.00711
16.66	1.0068
16.67	1.00704
16.68	1.00838
16.69	1.00973
16.7	1.01107
16.71	1.0124
16.72	1.01375
16.73	1.01509
16.74	1.01644
16.75	1.01777
16.76	1.0191
16.77	1.02042
16.78	1.02175
16.79	1.02308
16.8	1.02441
16.81	1.02572
16.82	1.02705
16.83	1.02839
16.84	1.02903
16.85	1.02912
16.86	1.02921
16.87	1.02928
16.88	1.02937
16.89	1.02946
16.9	1.02955
16.91	1.02964
16.92	1.02993
16.93	1.03178
16.94	1.03364
16.95	1.03549
16.96	1.03734
16.97	1.03921
16.98	1.04106
16.99	1.04293
17	1.04479
17.01	1.04578
17.02	1.04623
17.03	1.04669
17.04	1.04715
17.05	1.04761
17.06	1.04807
17.07	1.04851
17.08	1.04897
17.09	1.04925
17.1	1.04773
17.11	1.04618
17.12	1.04465
17.13	1.04311
17.14	1.04156
17.15	1.04002
17.16	1.03847
17.17	1.03695
17.18	1.0371
17.19	1.03894
17.2	1.04078
17.21	1.04263
17.22	1.04447
17.23	1.04631
17.24	1.04815
17.25	1.04999
17.26	1.05182
17.27	1.05152
17.28	1.05094
17.29	1.05037
17.3	1.04978
17.31	1.0492
17.32	1.04861
17.33	1.04803
17.34	1.04744
17.35	1.04699
17.36	1.04696
17.37	1.04693
17.38	1.0469
17.39	1.04687
17.4	1.04684
17.41	1.04683
17.42	1.0468
17.43	1.04677
17.44	1.04606
17.45	1.04473
17.46	1.04338
17.47	1.04204
17.48	1.04069
17.49	1.03937
17.5	1.03802
17.51	1.03668
17.52	1.03533
17.53	1.03387
17.54	1.03236
17.55	1.03084
17.56	1.02933
17.57	1.02781
17.58	1.0263
17.59	1.0248
17.6	1.02329
17.61	1.02177
17.62	1.02183
17.63	1.02194
17.64	1.02205
17.65	1.02216
17.66	1.02228
17.67	1.02239
17.68	1.0225
17.69	1.02262
17.7	1.02261
17.71	1.02175
17.72	1.02088
17.73	1.02002
17.74	1.01916
17.75	1.01828
17.76	1.01741
17.77	1.01655
17.78	1.01569
17.79	1.01458
17.8	1.01268
17.81	1.01079
17.82	1.00891
17.83	1.00702
17.84	1.00513
17.85	1.00323
17.86	1.00134
17.87	0.999453
17.88	0.998275
17.89	0.998663
17.9	0.999051
17.91	0.999439
17.92	0.999828
17.93	1.00022
17.94	1.00061
17.95	1.00101
17.96	1.00139
17.97	1.00143
17.98	1.0008
17.99	1.00017
18	0.999548
18.01	0.998918
18.02	0.998292
18.03	0.997667
18.04	0.997041
18.05	0.996414
18.06	0.995435
18.07	0.993706
18.08	0.991975
18.09	0.990246
18.1	0.988519
18.11	0.98679
18.12	0.985062
18.13	0.983335
18.14	0.981607
18.15	0.98051
18.16	0.981229
18.17	0.981946
18.18	0.982665
18.19	0.983385
18.2	0.984104
18.21	0.984826
18.22	0.985546
18.23	0.986267
18.24	0.986764
18.25	0.985965
18.26	0.985165
18.27	0.984366
18.28	0.983568
18.29	0.982769
18.3	0.981971
18.31	0.981172
18.32	0.980375
18.33	0.979579
18.34	0.981187
18.35	0.982812
18.36	0.984439
18.37	0.986066
18.38	0.987693
18.39	0.98932
18.4	0.990949
18.41	0.992576
18.42	0.994204
18.43	0.995022
18.44	0.995623
18.45	0.996226
18.46	0.996828
18.47	0.997431
18.48	0.998037
18.49	0.99864
18.5	0.999246
18.51	0.999851
18.52	0.999
18.53	0.996924
18.54	0.994848
18.55	0.992774
18.56	0.990698
18.57	0.988627
18.58	0.986554
18.59	0.984482
18.6	0.982411
18.61	0.980833
18.62	0.980736
18.63	0.980641
18.64	0.980545
18.65	0.980449
18.66	0.980356
18.67	0.980265
18.68	0.980171
18.69	0.98008
18.7	0.979989
18.71	0.979745
18.72	0.979486
18.73	0.979226
18.74	0.978969
18.75	0.978712
18.76	0.978455
18.77	0.978199
18.78	0.977944
18.79	0.977689
18.8	0.978218
18.81	0.979464
18.82	0.980712
18.83	0.981959
18.84	0.983208
18.85	0.984457
18.86	0.985707
18.87	0.986957
18.88	0.988208
18.89	0.989301
18.9	0.98871
18.91	0.988117
18.92	0.987526
18.93	0.986936
18.94	0.986345
18.95	0.985755
18.96	0.985167
18.97	0.984579
18.98	0.983991
18.99	0.983912
19	0.98417
19.01	0.984428
19.02	0.984685
19.03	0.984944
19.04	0.985203
19.05	0.985463
19.06	0.985724
19.07	0.985986
19.08	0.986243
19.09	0.98646
19.1	0.986679
19.11	0.986898
19.12	0.987117
19.13	0.987336
19.14	0.987556
19.15	0.987777
19.16	0.987999
19.17	0.988222
19.18	0.988529
19.19	0.988921
19.2	0.989314
19.21	0.989709
19.22	0.990105
19.23	0.9905
19.24	0.990897
19.25	0.991294
19.26	0.991692
19.27	0.992091
19.28	0.993687
19.29	0.99546
19.3	0.997236
19.31	0.999012
19.32	1.00079
19.33	1.00257
19.34	1.00435
19.35	1.00611
19.36	1.00789
19.37	1.00939
19.38	1.00962
19.39	1.00985
19.4	1.01009
19.41	1.01032
19.42	1.01055
19.43	1.01079
19.44	1.01102
19.45	1.01127
19.46	1.0115
19.47	1.01183
19.48	1.01227
19.49	1.01271
19.5	1.01315
19.51	1.01359
19.52	1.01403
19.53	1.01449
19.54	1.01493
19.55	1.01537
19.56	1.01581
19.57	1.01644
19.58	1.01715
19.59	1.01786
19.6	1.01858
19.61	1.01929
19.62	1.01999
19.63	1.0207
19.64	1.02142
19.65	1.02213
19.66	1.02285
19.67	1.02325
19.68	1.02363
19.69	1.02401
19.7	1.02439
19.71	1.02477
19.72	1.02515
19.73	1.02553
19.74	1.02593
19.75	1.02631
19.76	1.02669
19.77	1.02624
19.78	1.02582
19.79	1.0254
19.8	1.02497
19.81	1.02455
19.82	1.02413
19.83	1.0237
19.84	1.02328
19.85	1.02285
19.86	1.02247
19.87	1.0226
19.88	1.02271
19.89	1.02282
19.9	1.02294
19.91	1.02305
19.92	1.02318
19.93	1.02329
19.94	1.02342
19.95	1.02353
19.96	1.02367
19.97	1.0239
19.98	1.02412
19.99	1.02436
20	1.02461
20.01	1.02483
20.02	1.02507
20.03	1.02529
20.04	1.02553
20.05	1.02577
20.06	1.02607
20.07	1.02698
20.08	1.02791
20.09	1.02882
20.1	1.02973
20.11	1.03065
20.12	1.03156
20.13	1.03249
20.14	1.0334
20.15	1.03432
20.16	1.03517
20.17	1.0336
20.18	1.03204
20.19	1.03046
20.2	1.02889
20.21	1.02733
20.22	1.02575
20.23	1.02419
20.24	1.02262
20.25	1.02106
20.26	1.01948
20.27	1.0193
20.28	1.01923
20.29	1.01917
20.3	1.01912
20.31	1.01907
20.32	1.01902
20.33	1.01895
20.34	1.0189
20.35	1.01884
20.36	1.01879
20.37	1.01916
20.38	1.01966
20.39	1.02018
20.4	1.02068
20.41	1.0212
20.42	1.02169
20.43	1.02221
20.44	1.02271
20.45	1.02323
20.46	1.02373
20.47	1.02291
20.48	1.02083
20.49	1.01873
20.5	1.01663
20.51	1.01454
20.52	1.01244
20.53	1.01036
20.54	1.00826
20.55	1.00618
20.56	1.00408
20.57	1.00252
20.58	1.00269
20.59	1.00285
20.6	1.00302
20.61	1.00318
20.62	1.00335
20.63	1.00351
20.64	1.00368
20.65	1.00385
20.66	1.00401
20.67	1.00418
20.68	1.00497
20.69	1.00581
20.7	1.00667
20.71	1.00751
20.72	1.00837
20.73	1.0092
20.74	1.01006
20.75	1.0109
20.76	1.01175
20.77	1.01259
20.78	1.01243
20.79	1.0114
20.8	1.01036
20.81	1.00933
20.82	1.00829
20.83	1.00725
20.84	1.0062
20.85	1.00517
20.86	1.00413
20.87	1.00309
20.88	1.00216
20.89	1.00225
20.9	1.00233
20.91	1.00242
20.92	1.0025
20.93	1.00258
20.94	1.00266
20.95	1.00275
20.96	1.00283
20.97	1.00291
20.98	1.00299
20.99	1.00246
21	1.00154
21.01	1.00062
21.02	0.999707
21.03	0.99879
21.04	0.997872
21.05	0.996955
21.06	0.996037
21.07	0.995121
21.08	0.994202
21.09	0.99337
21.1	0.993479
21.11	0.99359
21.12	0.993698
21.13	0.993808
21.14	0.993917
21.15	0.994027
21.16	0.994134
21.17	0.994244
21.18	0.994352
21.19	0.994459
21.2	0.99431
21.21	0.993896
21.22	0.993482
21.23	0.993067
21.24	0.992652
21.25	0.992238
21.26	0.991823
21.27	0.991408
21.28	0.990993
21.29	0.990578
21.3	0.990162
21.31	0.989668
21.32	0.989159
21.33	0.98865
21.34	0.98814
21.35	0.98763
21.36	0.987121
21.37	0.986611
21.38	0.9861
21.39	0.985588
21.4	0.985078
21.41	0.984771
21.42	0.985555
21.43	0.986337
21.44	0.987121
21.45	0.987903
21.46	0.988686
21.47	0.989468
21.48	0.990249
21.49	0.99103
21.5	0.991811
21.51	0.992591
21.52	0.993123
21.53	0.993296
21.54	0.993467
21.55	0.993639
21.56	0.993811
21.57	0.993981
21.58	0.994151
21.59	0.994321
21.6	0.994491
21.61	0.99466
21.62	0.99483
21.63	0.994006
21.64	0.992536
21.65	0.991066
21.66	0.989596
21.67	0.988124
21.68	0.986652
21.69	0.985182
21.7	0.98371
21.71	0.982235
21.72	0.980763
21.73	0.979288
21.74	0.979216
21.75	0.979615
21.76	0.980014
21.77	0.980413
21.78	0.98081
21.79	0.981206
21.8	0.981603
21.81	0.982
21.82	0.982395
21.83	0.982792
21.84	0.983187
21.85	0.983648
21.86	0.984123
21.87	0.984598
21.88	0.985071
21.89	0.985544
21.9	0.986017
21.91	0.98649
21.92	0.986962
21.93	0.987433
21.94	0.987904
21.95	0.988374
21.96	0.987762
21.97	0.986985
21.98	0.98621
21.99	0.985431
22	0.984654
22.01	0.983875
22.02	0.983096
22.03	0.982317
22.04	0.981535
22.05	0.980756
22.06	0.979974
22.07	0.980157
22.08	0.980514
22.09	0.980872
22.1	0.981228
22.11	0.981585
22.12	0.981939
22.13	0.982293
22.14	0.982647
22.15	0.983001
22.16	0.983353
22.17	0.983705
22.18	0.983031
22.19	0.982048
22.2	0.981063
22.21	0.980079
22.22	0.979094
22.23	0.978108
22.24	0.977121
22.25	0.976133
22.26	0.975146
22.27	0.974159
22.28	0.973169
22.29	0.972686
22.3	0.972493
22.31	0.972299
22.32	0.972104
22.33	0.971909
22.34	0.971715
22.35	0.971518
22.36	0.971322
22.37	0.971123
22.38	0.970925
22.39	0.970727
22.4	0.970795
22.41	0.971189
22.42	0.971583
22.43	0.971975
22.44	0.972368
22.45	0.97276
22.46	0.973153
22.47	0.973543
22.48	0.973934
22.49	0.974323
22.5	0.974712
22.51	0.974877
22.52	0.974143
22.53	0.973411
22.54	0.972677
22.55	0.97194
22.56	0.971206
22.57	0.97047
22.58	0.969732
22.59	0.968996
22.6	0.968258
22.61	0.967518
22.62	0.96678
22.63	0.966487
22.64	0.966245
22.65	0.966002
22.66	0.965758
22.67	0.965513
22.68	0.965267
22.69	0.965022
22.7	0.964776
22.71	0.964528
22.72	0.964279
22.73	0.964031
22.74	0.963988
22.75	0.96412
22.76	0.964252
22.77	0.964385
22.78	0.964515
22.79	0.964646
22.8	0.964774
22.81	0.964903
22.82	0.965032
22.83	0.965161
22.84	0.965288
22.85	0.96555
22.86	0.966781
22.87	0.968012
22.88	0.969244
22.89	0.970474
22.9	0.971705
22.91	0.972933
22.92	0.974163
22.93	0.975389
22.94	0.976617
22.95	0.977844
22.96	0.979071
22.97	0.979454
22.98	0.97938
22.99	0.979305
23	0.97923
23.01	0.979155
23.02	0.979078
23.03	0.979001
23.04	0.978923
23.05	0.978847
23.06	0.978767
23.07	0.978689
23.08	0.978623
23.09	0.978654
23.1	0.978684
23.11	0.978713
23.12	0.978743
23.13	0.978773
23.14	0.978799
23.15	0.978828
23.16	0.978856
23.17	0.978882
23.18	0.978907
23.19	0.978934
23.2	0.978672
23.21	0.978155
23.22	0.977636
23.23	0.977118
23.24	0.976599
23.25	0.97608
23.26	0.97556
23.27	0.975039
23.28	0.974518
23.29	0.973996
23.3	0.973473
23.31	0.972951
23.32	0.973964
23.33	0.975184
23.34	0.976403
23.35	0.977621
23.36	0.97884
23.37	0.980058
23.38	0.981274
23.39	0.982491
23.4	0.983708
23.41	0.984924
23.42	0.986139
23.43	0.987398
23.44	0.988866
23.45	0.990333
23.46	0.991799
23.47	0.993267
23.48	0.994733
23.49	0.996197
23.5	0.997664
23.51	0.999128
23.52	1.0006
23.53	1.00205
23.54	1.00353
23.55	1.0046
23.56	1.00516
23.57	1.00572
23.58	1.00628
23.59	1.00682
23.6	1.00738
23.61	1.00792
23.62	1.00847
23.63	1.00903
23.64	1.00958
23.65	1.01013
23.66	1.01068
23.67	1.01072
23.68	1.01038
23.69	1.01007
23.7	1.00973
23.71	1.00939
23.72	1.00907
23.73	1.00874
23.74	1.0084
23.75	1.00808
23.76	1.00775
23.77	1.00741
23.78	1.0071
23.79	1.00749
23.8	1.0082
23.81	1.0089
23.82	1.00961
23.83	1.01033
23.84	1.01103
23.85	1.01174
23.86	1.01244
23.87	1.01315
23.88	1.01385
23.89	1.01457
23.9	1.01526
23.91	1.01585
23.92	1.01637
23.93	1.0169
23.94	1.01743
23.95	1.01795
23.96	1.01848
23.97	1.01901
23.98	1.01953
23.99	1.02006
24	1.02059
24.01	1.02111
24.02	1.02162
24.03	1.02309
24.04	1.02484
24.05	1.02659
24.06	1.02834
24.07	1.03009
24.08	1.03184
24.09	1.03359
24.1	1.03534
24.11	1.03709
24.12	1.03884
24.13	1.0406
24.14	1.04235
24.15	1.04263
24.16	1.04228
24.17	1.04191
24.18	1.04155
24.19	1.0412
24.2	1.04083
24.21	1.04046
24.22	1.04012
24.23	1.03975
24.24	1.03938
24.25	1.03902
24.26	1.03867
24.27	1.03863
24.28	1.03882
24.29	1.03903
24.3	1.03922
24.31	1.03942
24.32	1.03961
24.33	1.03982
24.34	1.04003
24.35	1.04022
24.36	1.04043
24.37	1.04062
24.38	1.04083
24.39	1.04123
24.4	1.04195
24.41	1.04268
24.42	1.0434
24.43	1.04413
24.44	1.04486
24.45	1.04558
24.46	1.04631
24.47	1.04703
24.48	1.04778
24.49	1.04851
24.5	1.04923
24.51	1.04983
24.52	1.04954
24.53	1.04928
24.54	1.04899
24.55	1.04871
24.56	1.04844
24.57	1.04816
24.58	1.04789
24.59	1.04761
24.6	1.04732
24.61	1.04706
24.62	1.04678
24.63	1.04649
24.64	1.04567
24.65	1.04474
24.66	1.04381
24.67	1.04288
24.68	1.04193
24.69	1.04099
24.7	1.04006
24.71	1.03913
24.72	1.0382
24.73	1.03725
24.74	1.03632
24.75	1.03538
24.76	1.03501
24.77	1.03534
24.78	1.03567
24.79	1.036
24.8	1.03631
24.81	1.03664
24.82	1.03697
24.83	1.0373
24.84	1.03761
24.85	1.03794
24.86	1.03827
24.87	1.0386
24.88	1.0389
24.89	1.0382
24.9	1.03748
24.91	1.03676
24.92	1.03604
24.93	1.03534
24.94	1.03462
24.95	1.0339
24.96	1.03319
24.97	1.03249
24.98	1.03177
24.99	1.03105
25	1.03033
25.01	1.02986
25.02	1.02963
25.03	1.02937
25.04	1.02911
25.05	1.02887
25.06	1.02861
25.07	1.02837
25.08	1.02811
25.09	1.02786
25.1	1.02762
25.11	1.02736
25.12	1.0271
25.13	1.02687
25.14	1.02575
25.15	1.02459
25.16	1.02344
25.17	1.02229
25.18	1.02115
25.19	1.02
25.2	1.01884
25.21	1.01769
25.22	1.01655
25.23	1.0154
25.24	1.01424
25.25	1.01311
25.26	1.01194
25.27	1.01078
25.28	1.00961
25.29	1.00844
25.3	1.00727
25.31	1.00609
25.32	1.00494
25.33	1.00377
25.34	1.00259
25.35	1.00142
25.36	1.00027
25.37	0.999097
25.38	0.99793
25.39	0.99738
25.4	0.997148
25.41	0.996918
25.42	0.996686
25.43	0.996455
25.44	0.996225
25.45	0.995995
25.46	0.995765
25.47	0.995535
25.48	0.995305
25.49	0.995075
25.5	0.994847
25.51	0.994619
25.52	0.994203
25.53	0.993767
25.54	0.993331
25.55	0.992898
25.56	0.992462
25.57	0.992029
25.58	0.991595
25.59	0.991162
25.6	0.990729
25.61	0.990296
25.62	0.989865
25.63	0.989432
25.64	0.989094
25.65	0.989626
25.66	0.99016
25.67	0.990693
25.68	0.991227
25.69	0.991761
25.7	0.992295
25.71	0.992831
25.72	0.993365
25.73	0.993901
25.74	0.994437
25.75	0.994973
25.76	0.995509
25.77	0.995651
25.78	0.994402
25.79	0.99315
25.8	0.991898
25.81	0.990648
25.82	0.989396
25.83	0.988146
25.84	0.986896
25.85	0.985646
25.86	0.984397
25.87	0.983148
25.88	0.981898
25.89	0.98065
25.9	0.979803
25.91	0.980004
25.92	0.980208
25.93	0.980409
25.94	0.980612
25.95	0.980815
25.96	0.981019
25.97	0.981222
25.98	0.981425
25.99	0.98163
26	0.981835
26.01	0.98204
26.02	0.982245
26.03	0.982246
26.04	0.981687
26.05	0.981128
26.06	0.980569
26.07	0.980012
26.08	0.979455
26.09	0.978898
26.1	0.978341
26.11	0.977786
26.12	0.977231
26.13	0.976676
26.14	0.976121
26.15	0.975566
26.16	0.975147
26.17	0.975285
26.18	0.975424
26.19	0.975563
26.2	0.975701
26.21	0.975842
26.22	0.975982
26.23	0.976121
26.24	0.976261
26.25	0.976404
26.26	0.976544
26.27	0.976686
26.28	0.976829
26.29	0.976994
26.3	0.97756
26.31	0.978125
26.32	0.978691
26.33	0.979257
26.34	0.979823
26.35	0.980391
26.36	0.980957
26.37	0.981525
26.38	0.982093
26.39	0.98266
26.4	0.983228
26.41	0.983797
26.42	0.984366
26.43	0.98472
26.44	0.985037
26.45	0.985355
26.46	0.985672
26.47	0.985991
26.48	0.986309
26.49	0.986627
26.5	0.986945
26.51	0.987265
26.52	0.987585
26.53	0.987905
26.54	0.988224
26.55	0.988544
26.56	0.988416
26.57	0.987966
26.58	0.987516
26.59	0.987067
26.6	0.986618
26.61	0.986168
26.62	0.985721
26.63	0.985272
26.64	0.984823
26.65	0.984376
26.66	0.983929
26.67	0.983481
26.68	0.983034
26.69	0.982644
26.7	0.982427
26.71	0.982213
26.72	0.981999
26.73	0.981784
26.74	0.981569
26.75	0.981355
26.76	0.981142
26.77	0.980929
26.78	0.980716
26.79	0.980503
26.8	0.980291
26.81	0.980079
26.82	0.979866
26.83	0.980226
26.84	0.980697
26.85	0.981167
26.86	0.981639
26.87	0.98211
26.88	0.982582
26.89	0.983054
26.9	0.983526
26.91	0.983998
26.92	0.984471
26.93	0.984945
26.94	0.985418
26.95	0.985891
26.96	0.986233
26.97	0.986345
26.98	0.986458
26.99	0.98657
27	0.986684
27.01	0.986797
27.02	0.98691
27.03	0.987023
27.04	0.987138
27.05	0.987251
27.06	0.987365
27.07	0.98748
27.08	0.987594
27.09	0.98771
27.1	0.988108
27.11	0.988569
27.12	0.989031
27.13	0.989494
27.14	0.989955
27.15	0.990418
27.16	0.990878
27.17	0.991341
27.18	0.991803
27.19	0.992265
27.2	0.992727
27.21	0.993191
27.22	0.993655
27.23	0.994115
27.24	0.994569
27.25	0.995025
27.26	0.995478
27.27	0.995934
27.28	0.996387
27.29	0.996843
27.3	0.997298
27.31	0.997753
27.32	0.99821
27.33	0.998665
27.34	0.999122
27.35	0.999576
27.36	1.00003
27.37	0.999955
27.38	0.99942
27.39	0.998883
27.4	0.998347
27.41	0.99781
27.42	0.997275
27.43	0.996739
27.44	0.996204
27.45	0.995668
27.46	0.995134
27.47	0.994597
27.48	0.994063
27.49	0.993527
27.5	0.992992
27.51	0.992635
27.52	0.992324
27.53	0.992012
27.54	0.991701
27.55	0.991391
27.56	0.991079
27.57	0.990768
27.58	0.990458
27.59	0.990148
27.6	0.989837
27.61	0.989526
27.62	0.989215
27.63	0.988904
27.64	0.988594
27.65	0.989331
27.66	0.990093
27.67	0.990855
27.68	0.991618
27.69	0.992381
27.7	0.993142
27.71	0.993905
27.72	0.994668
27.73	0.995431
27.74	0.996193
27.75	0.996955
27.76	0.997717
27.77	0.998479
27.78	0.999163
27.79	0.999054
27.8	0.998945
27.81	0.998835
27.82	0.998727
27.83	0.998618
27.84	0.998508
27.85	0.998399
27.86	0.998289
27.87	0.998181
27.88	0.99807
27.89	0.997962
27.9	0.997853
27.91	0.997744
27.92	0.997549
27.93	0.996812
27.94	0.996074
27.95	0.995336
27.96	0.9946
27.97	0.993862
27.98	0.993124
27.99	0.992388
28	0.991649
28.01	0.990913
28.02	0.990174
28.03	0.989437
28.04	0.988698
28.05	0.987961
28.06	0.98747
28.07	0.988956
28.08	0.99044
28.09	0.991926
28.1	0.993409
28.11	0.994895
28.12	0.996378
28.13	0.997863
28.14	0.999349
28.15	1.00083
28.16	1.00232
28.17	1.0038
28.18	1.00528
28.19	1.00677
28.2	1.00823
28.21	1.00773
28.22	1.00722
28.23	1.00674
28.24	1.00623
28.25	1.00575
28.26	1.00524
28.27	1.00474
28.28	1.00425
28.29	1.00375
28.3	1.00326
28.31	1.00276
28.32	1.00225
28.33	1.00176
28.34	1.00126
28.35	1.00125
28.36	1.00131
28.37	1.00138
28.38	1.00145
28.39	1.00152
28.4	1.00159
28.41	1.00165
28.42	1.00172
28.43	1.00179
28.44	1.00186
28.45	1.00192
28.46	1.00198
28.47	1.00205
28.48	1.00211
28.49	1.00212
28.5	1.00207
28.51	1.00204
28.52	1.00199
28.53	1.00196
28.54	1.00191
28.55	1.00188
28.56	1.00184
28.57	1.00179
28.58	1.00175
28.59	1.00171
28.6	1.00167
28.61	1.00162
28.62	1.00158
28.63	1.00155
28.64	1.00154
28.65	1.00153
28.66	1.00152
28.67	1.00151
28.68	1.0015
28.69	1.00149
28.7	1.00148
28.71	1.00147
28.72	1.00146
28.73	1.00145
28.74	1.00144
28.75	1.00143
28.76	1.00142
28.77	1.00141
28.78	1.00183
28.79	1.00227
28.8	1.00272
28.81	1.00316
28.82	1.00361
28.83	1.00405
28.84	1.00449
28.85	1.00496
28.86	1.0054
28.87	1.00585
28.88	1.00629
28.89	1.00674
28.9	1.00718
28.91	1.00763
28.92	1.00786
28.93	1.00788
28.94	1.00789
28.95	1.00789
28.96	1.0079
28.97	1.0079
28.98	1.00791
28.99	1.00791
29	1.00792
29.01	1.00792
29.02	1.00792
29.03	1.00793
29.04	1.00793
29.05	1.00794
29.06	1.00794
29.07	1.00815
29.08	1.00837
29.09	1.0086
29.1	1.00881
29.11	1.00905
29.12	1.00928
29.13	1.00949
29.14	1.00973
29.15	1.00994
29.16	1.01017
29.17	1.01039
29.18	1.01062
29.19	1.01083
29.2	1.01106
29.21	1.01116
29.22	1.01105
29.23	1.01092
29.24	1.01081
29.25	1.0107
29.26	1.01059
29.27	1.01046
29.28	1.01034
29.29	1.01021
29.3	1.0101
29.31	1.00999
29.32	1.00986
29.33	1.00975
29.34	1.00962
29.35	1.0095
29.36	1.00958
29.37	1.00976
29.38	1.00995
29.39	1.01013
29.4	1.0103
29.41	1.0105
29.42	1.01067
29.43	1.01084
29.44	1.01102
29.45	1.01121
29.46	1.01139
29.47	1.01156
29.48	1.01174
29.49	1.01193
29.5	1.01211
29.51	1.01138
29.52	1.01056
29.53	1.00977
29.54	1.00895
29.55	1.00815
29.56	1.00733
29.57	1.00651
29.58	1.00571
29.59	1.00489
29.6	1.00409
29.61	1.00328
29.62	1.00246
29.63	1.00166
29.64	1.00084
29.65	1.0001
29.66	1.00012
29.67	1.00014
29.68	1.00015
29.69	1.00017
29.7	1.00019
29.71	1.00019
29.72	1.00021
29.73	1.00022
29.74	1.00024
29.75	1.00024
29.76	1.00026
29.77	1.00027
29.78	1.00029
29.79	1.00029
29.8	1.00041
29.81	1.00097
29.82	1.00151
29.83	1.00205
29.84	1.0026
29.85	1.00314
29.86	1.0037
29.87	1.00424
29.88	1.00478
29.89	1.00531
29.9	1.00587
29.91	1.00641
29.92	1.00695
29.93	1.00749
29.94	1.00804
29.95	1.00835
29.96	1.00786
29.97	1.00739
29.98	1.0069
29.99	1.00642
30	1.00593
30.01	1.00546
30.02	1.00496
30.03	1.00449
30.04	1.004
30.05	1.00351
30.06	1.00303
30.07	1.00254
30.08	1.00205
30.09	1.00158
30.1	1.00108
30.11	1.00055
30.12	1.00004
30.13	0.999533
30.14	0.999006
30.15	0.998488
30.16	0.99797
30.17	0.997449
30.18	0.996929
30.19	0.996409
30.2	0.995889
30.21	0.995368
30.22	0.994846
30.23	0.994326
30.24	0.993805
30.25	0.993329
30.26	0.993599
30.27	0.99387
30.28	0.994139
30.29	0.99441
30.3	0.994679
30.31	0.994949
30.32	0.995218
30.33	0.995485
30.34	0.995755
30.35	0.996023
30.36	0.99629
30.37	0.996558
30.38	0.996826
30.39	0.997094
30.4	0.99736
30.41	0.997525
30.42	0.997673
30.43	0.997821
30.44	0.997969
30.45	0.998115
30.46	0.998262
30.47	0.998409
30.48	0.998555
30.49	0.998702
30.5	0.998849
30.51	0.998994
30.52	0.999136
30.53	0.999277
30.54	0.999438
30.55	0.99958
30.56	0.999703
30.57	0.999826
30.58	0.999949
30.59	1.00005
30.6	1.00018
30.61	1.0003
30.62	1.0004
30.63	1.00053
30.64	1.00065
30.65	1.00076
30.66	1.00088
30.67	1.00099
30.68	1.00111
30.69	1.00123
30.7	1.00134
30.71	1.00125
30.72	1.00046
30.73	0.999668
30.74	0.998895
30.75	0.998105
30.76	0.997319
30.77	0.996532
30.78	0.995746
30.79	0.99496
30.8	0.994172
30.81	0.993386
30.82	0.992598
30.83	0.99181
30.84	0.991022
30.85	0.990235
30.86	0.989447
30.87	0.989862
30.88	0.990574
30.89	0.991286
30.9	0.991998
30.91	0.99271
30.92	0.99342
30.93	0.994133
30.94	0.994843
30.95	0.995556
30.96	0.996264
30.97	0.996975
30.98	0.997686
30.99	0.998397
31	0.999102
31.01	0.999821
31.02	1.00058
31.03	1.00147
31.04	1.00238
31.05	1.00327
31.06	1.00416
31.07	1.00505
31.08	1.00594
31.09	1.00685
31.1	1.00775
31.11	1.00864
31.12	1.00953
31.13	1.01042
31.14	1.01131
31.15	1.01221
31.16	1.0131
31.17	1.01399
31.18	1.01387
31.19	1.01333
31.2	1.01279
31.21	1.01225
31.22	1.01171
31.23	1.01115
31.24	1.01062
31.25	1.01008
31.26	1.00954
31.27	1.009
31.28	1.00846
31.29	1.0079
31.3	1.00736
31.31	1.00683
31.32	1.00629
31.33	1.00571
31.34	1.00466
31.35	1.0036
31.36	1.00253
31.37	1.00148
31.38	1.00043
31.39	0.999372
31.4	0.998306
31.41	0.997247
31.42	0.996188
31.43	0.995128
31.44	0.99407
31.45	0.993012
31.46	0.991951
31.47	0.990893
31.48	0.989835
31.49	0.989429
31.5	0.990525
31.51	0.991624
31.52	0.992721
31.53	0.993818
31.54	0.994915
31.55	0.996015
31.56	0.997112
31.57	0.998209
31.58	0.999303
31.59	1.00041
31.6	1.0015
31.61	1.00261
31.62	1.00369
31.63	1.0048
31.64	1.00589
31.65	1.00665
31.66	1.00706
31.67	1.00744
31.68	1.00784
31.69	1.00824
31.7	1.00864
31.71	1.00902
31.72	1.00943
31.73	1.00983
31.74	1.01023
31.75	1.01061
31.76	1.01101
31.77	1.01142
31.78	1.01182
31.79	1.0122
31.8	1.0126
31.81	1.01257
31.82	1.01221
31.83	1.01186
31.84	1.0115
31.85	1.01116
31.86	1.0108
31.87	1.01046
31.88	1.0101
31.89	1.00975
31.9	1.00939
31.91	1.00903
31.92	1.00869
31.93	1.00833
31.94	1.00799
31.95	1.00763
31.96	1.00729
31.97	1.00677
31.98	1.00616
31.99	1.00556
32	1.00497
32.01	1.00436
32.02	1.00375
32.03	1.00314
32.04	1.00253
32.05	1.00193
32.06	1.00134
32.07	1.00073
32.08	1.00012
32.09	0.999513
32.1	0.998905
32.11	0.998303
32.12	0.9977
32.13	0.997944
32.14	0.998939
32.15	0.999916
32.16	1.00089
32.17	1.00189
32.18	1.00287
32.19	1.00387
32.2	1.00485
32.21	1.00584
32.22	1.00682
32.23	1.00782
32.24	1.0088
32.25	1.00979
32.26	1.01077
32.27	1.01175
32.28	1.01275
32.29	1.01306
32.3	1.01234
32.31	1.01162
32.32	1.0109
32.33	1.01018
32.34	1.00945
32.35	1.00873
32.36	1.00801
32.37	1.00729
32.38	1.00655
32.39	1.00583
32.4	1.00511
32.41	1.00439
32.42	1.00367
32.43	1.00295
32.44	1.00223
32.45	1.00153
32.46	1.00098
32.47	1.00043
32.48	0.999884
32.49	0.999336
32.5	0.998806
32.51	0.998251
32.52	0.997703
32.53	0.997157
32.54	0.996609
32.55	0.996063
32.56	0.995515
32.57	0.994969
32.58	0.994423
32.59	0.993878
32.6	0.993332
32.61	0.992786
32.62	0.993352
32.63	0.9941
32.64	0.994845
32.65	0.995593
32.66	0.996341
32.67	0.99709
32.68	0.997838
32.69	0.998585
32.7	0.999333
32.71	1.00008
32.72	1.00084
32.73	1.00159
32.74	1.00234
32.75	1.00307
32.76	1.00382
32.77	1.00457
32.78	1.00481
32.79	1.00449
32.8	1.00416
32.81	1.00382
32.82	1.00348
32.83	1.00316
32.84	1.00283
32.85	1.00249
32.86	1.00217
32.87	1.00183
32.88	1.0015
32.89	1.00116
32.9	1.00084
32.91	1.0005
32.92	1.00017
32.93	0.999849
32.94	0.999511
32.95	0.999021
32.96	0.998531
32.97	0.998041
32.98	0.997551
32.99	0.99706
33	0.996569
33.01	0.996079
33.02	0.995589
33.03	0.995099
33.04	0.99461
33.05	0.994119
33.06	0.993632
33.07	0.993141
33.08	0.992652
33.09	0.992163
33.1	0.991673
33.11	0.99139
33.12	0.991358
33.13	0.991327
33.14	0.991295
33.15	0.991266
33.16	0.991234
33.17	0.991205
33.18	0.991175
33.19	0.991144
33.2	0.991114
33.21	0.991085
33.22	0.991055
33.23	0.991025
33.24	0.990996
33.25	0.990968
33.26	0.990938
33.27	0.990909
33.28	0.991194
33.29	0.991554
33.3	0.991914
33.31	0.992274
33.32	0.992634
33.33	0.992993
33.34	0.993353
33.35	0.993715
33.36	0.994074
33.37	0.994436
33.38	0.994795
33.39	0.995157
33.4	0.995518
33.41	0.99588
33.42	0.996241
33.43	0.996602
33.44	0.9969
33.45	0.996526
33.46	0.996149
33.47	0.995775
33.48	0.995401
33.49	0.995026
33.5	0.994653
33.51	0.994279
33.52	0.993904
33.53	0.993531
33.54	0.993157
33.55	0.992784
33.56	0.992411
33.57	0.992038
33.58	0.991665
33.59	0.991292
33.6	0.990919
33.61	0.990794
33.62	0.991302
33.63	0.991811
33.64	0.992318
33.65	0.992828
33.66	0.993335
33.67	0.993844
33.68	0.994354
33.69	0.994863
33.7	0.995372
33.71	0.995881
33.72	0.996391
33.73	0.996902
33.74	0.997411
33.75	0.997922
33.76	0.998431
33.77	0.998942
33.78	0.998985
33.79	0.998302
33.8	0.997617
33.81	0.996933
33.82	0.99625
33.83	0.995565
33.84	0.994882
33.85	0.994199
33.86	0.993516
33.87	0.992832
33.88	0.992149
33.89	0.991467
33.9	0.990784
33.91	0.990101
33.92	0.989419
33.93	0.988737
33.94	0.988053
33.95	0.987589
33.96	0.987432
33.97	0.987273
33.98	0.987116
33.99	0.986959
34	0.986799
34.01	0.986642
34.02	0.986484
34.03	0.986327
34.04	0.986171
34.05	0.986013
34.06	0.985855
34.07	0.985699
34.08	0.985541
34.09	0.985385
34.1	0.985228
34.11	0.98507
34.12	0.984992
34.13	0.985055
34.14	0.985118
34.15	0.98518
34.16	0.985243
34.17	0.985306
34.18	0.985369
34.19	0.985431
34.2	0.985496
34.21	0.985558
34.22	0.985623
34.23	0.985685
34.24	0.98575
34.25	0.985812
34.26	0.985876
34.27	0.98594
34.28	0.986005
34.29	0.986105
34.3	0.986347
34.31	0.98659
34.32	0.986834
34.33	0.987076
34.34	0.987319
34.35	0.987561
34.36	0.987804
34.37	0.988047
34.38	0.988291
34.39	0.988534
34.4	0.988777
34.41	0.989021
34.42	0.989264
34.43	0.989507
34.44	0.98975
34.45	0.989993
34.46	0.990237
34.47	0.990574
34.48	0.990914
34.49	0.991252
34.5	0.991592
34.51	0.99193
34.52	0.99227
34.53	0.992609
34.54	0.992949
34.55	0.993289
34.56	0.993626
34.57	0.993965
34.58	0.994305
34.59	0.994646
34.6	0.994985
34.61	0.995324
34.62	0.995663
34.63	0.996001
34.64	0.996659
34.65	0.997486
34.66	0.998314
34.67	0.99914
34.68	0.999965
34.69	1.00078
34.7	1.00162
34.71	1.00244
34.72	1.00328
34.73	1.0041
34.74	1.00492
34.75	1.00576
34.76	1.00658
34.77	1.00741
34.78	1.00823
34.79	1.00907
34.8	1.00989
34.81	1.01038
34.82	1.00989
34.83	1.00939
34.84	1.00889
34.85	1.00839
34.86	1.00789
34.87	1.00739
34.88	1.00687
34.89	1.00637
34.9	1.00587
34.91	1.00537
34.92	1.00487
34.93	1.00437
34.94	1.00387
34.95	1.00337
34.96	1.00287
34.97	1.00237
34.98	1.00187
34.99	1.00162
35	1.00144
35.01	1.00128
35.02	1.00113
35.03	1.00095
35.04	1.00079
35.05	1.00062
35.06	1.00046
35.07	1.0003
35.08	1.00013
35.09	0.99997
35.1	0.999794
35.11	0.999637
35.12	0.999479
35.13	0.999308
35.14	0.999143
35.15	0.99898
35.16	0.998878
35.17	0.999085
35.18	0.999294
35.19	0.999503
35.2	0.999708
35.21	0.999913
35.22	1.00012
35.23	1.00034
35.24	1.00055
35.25	1.00075
35.26	1.00096
35.27	1.00116
35.28	1.00137
35.29	1.00159
35.3	1.00179
35.31	1.002
35.32	1.0022
35.33	1.00241
35.34	1.00273
35.35	1.00312
35.36	1.00354
35.37	1.00393
35.38	1.00435
35.39	1.00474
35.4	1.00514
35.41	1.00555
35.42	1.00595
35.43	1.00636
35.44	1.00676
35.45	1.00717
35.46	1.00756
35.47	1.00798
35.48	1.00837
35.49	1.00879
35.5	1.00918
35.51	1.0096
35.52	1.00965
35.53	1.00958
35.54	1.0095
35.55	1.00944
35.56	1.00937
35.57	1.00929
35.58	1.00922
35.59	1.00916
35.6	1.0091
35.61	1.00901
35.62	1.00895
35.63	1.00888
35.64	1.0088
35.65	1.00874
35.66	1.00867
35.67	1.00859
35.68	1.00852
35.69	1.00846
35.7	1.00845
35.71	1.00847
35.72	1.00846
35.73	1.00847
35.74	1.00848
35.75	1.00849
35.76	1.00849
35.77	1.0085
35.78	1.00851
35.79	1.0085
35.8	1.00851
35.81	1.00853
35.82	1.00852
35.83	1.00853
35.84	1.00854
35.85	1.00854
35.86	1.00855
35.87	1.00856
35.88	1.00846
35.89	1.00837
35.9	1.00827
35.91	1.00817
35.92	1.00808
35.93	1.00798
35.94	1.00789
35.95	1.00779
35.96	1.00769
35.97	1.0076
35.98	1.0075
35.99	1.00742
36	1.00731
36.01	1.00721
36.02	1.00713
36.03	1.00702
36.04	1.00692
36.05	1.00684
36.06	1.00713
36.07	1.00747
36.08	1.00781
36.09	1.00814
36.1	1.00848
36.11	1.00882
36.12	1.00915
36.13	1.00949
36.14	1.00982
36.15	1.01016
36.16	1.01052
36.17	1.01085
36.18	1.01119
36.19	1.01152
36.2	1.01186
36.21	1.0122
36.22	1.01253
36.23	1.01287
36.24	1.01271
36.25	1.01241
36.26	1.01214
36.27	1.01185
36.28	1.01155
36.29	1.01126
36.3	1.01098
36.31	1.01069
36.32	1.0104
36.33	1.0101
36.34	1.00981
36.35	1.00953
36.36	1.00924
36.37	1.00895
36.38	1.00865
36.39	1.00836
36.4	1.00809
36.41	1.00779
36.42	1.00761
36.43	1.00751
36.44	1.00741
36.45	1.00731
36.46	1.0072
36.47	1.00712
36.48	1.00702
36.49	1.00692
36.5	1.00681
36.51	1.00671
36.52	1.00661
36.53	1.00651
36.54	1.0064
36.55	1.00632
36.56	1.00622
36.57	1.00612
36.58	1.00602
36.59	1.00591
36.6	1.00579
36.61	1.00567
36.62	1.00553
36.63	1.00539
36.64	1.00525
36.65	1.00513
36.66	1.00499
36.67	1.00485
36.68	1.00471
36.69	1.00459
36.7	1.00445
36.71	1.00431
36.72	1.00417
36.73	1.00403
36.74	1.00389
36.75	1.00377
36.76	1.00363
36.77	1.00349
36.78	1.00335
36.79	1.00307
36.8	1.0028
36.81	1.00253
36.82	1.00223
36.83	1.00196
36.84	1.00167
36.85	1.0014
36.86	1.0011
36.87	1.00083
36.88	1.00056
36.89	1.00027
36.9	0.999993
36.91	0.999702
36.92	0.999429
36.93	0.999137
36.94	0.998865
36.95	0.998574
36.96	0.998301
36.97	0.998041
36.98	0.997837
36.99	0.997634
37	0.997431