0.2	8.12798
0.225	5.86459
0.25	4.47747
0.275	3.56595
0.3	3.07863
0.325	2.64354
0.35	2.44887
0.375	2.32046
0.4	2.21041
0.425	2.16624
0.45	2.15411
0.475	2.18034
0.5	2.24146
0.525	2.32028
0.55	2.30423
0.575	2.20208
0.6	2.03855
0.625	1.81182
0.65	1.52725
0.675	1.3327
0.7	1.13766
0.725	1.02014
0.75	0.880687
0.775	0.809963
0.8	0.770268
0.825	0.696762
0.85	0.680125
0.875	0.67686
0.9	0.633425
0.925	0.643243
0.95	0.608028
0.975	0.640051
1	0.620166
1.025	0.60544
1.05	0.622213
1.075	0.632476
1.1	0.588864
1.125	0.665331
1.15	0.654317
1.175	0.640421
1.2	0.691078
1.225	0.733321
1.25	0.772947
1.275	0.765565
1.3	0.835793
1.325	0.821267
1.35	0.816554
1.375	0.858809
1.4	0.922464
1.425	0.941551
1.45	0.991349
1.475	0.991944
1.5	1.04874
1.525	1.03488
1.55	1.0751
1.575	1.06811
1.6	1.08167
1.625	1.0881
1.65	1.0188
1.675	1.04231
1.7	0.997126
1.725	1.00514
1.75	0.965696
1.775	0.936458
1.8	0.924055
1.825	0.900181
1.85	0.904706
1.875	0.883433
1.9	0.853062
1.925	0.825191
1.95	0.77741
1.975	0.726247
2	0.702949
2.025	0.646231
2.05	0.711509
2.075	0.640733
2.1	0.605724
2.125	0.549607
2.15	0.589962
2.175	0.566092
2.2	0.551939
2.225	0.556912
2.25	0.522963
2.275	0.515205
2.3	0.525557
2.325	0.518577
2.35	0.485138
2.375	0.439962
2.4	0.437238
2.425	0.448418
2.45	0.488852
2.475	0.494379
2.5	0.487921
2.525	0.505949
2.55	0.461898
2.575	0.500205
2.6	0.532362
2.625	0.577558
2.65	0.653704
2.675	0.697308
2.7	0.766012
2.725	0.829427
2.75	0.919113
2.775	0.979545
2.8	1.04699
2.825	1.10217
2.85	1.14238
2.875	1.1541
2.9	1.15563
2.925	1.14779
2.95	1.16496
2.975	1.11524
3	1.0947
3.025	1.05346
3.05	1.05425
3.075	1.03482
3.1	1.00273
3.125	0.968122
3.15	0.963185
3.175	0.939076
3.2	0.923256
3.225	0.906176
3.25	0.906462
3.275	0.897185
3.3	0.867405
3.325	0.866943
3.35	0.853671
3.375	0.850017
3.4	0.837668
3.425	0.83673
3.45	0.839103
3.475	0.827917
3.5	0.81549
3.525	0.82611
3.55	0.806552
3.575	0.81648
3.6	0.796221
3.625	0.807706
3.65	0.804656
3.675	0.813778
3.7	0.820151
3.725	0.796171
3.75	0.812156
3.775	0.832628
3.8	0.832811
3.825	0.820636
3.85	0.804928
3.875	0.808222
3.9	0.818301
3.925	0.844312
3.95	0.817117
3.975	0.799785
4	0.849295
4.025	0.833961
4.05	0.832579
4.075	0.833557
4.1	0.835628
4.125	0.8526
4.15	0.8774
4.175	0.873045
4.2	0.882567
4.225	0.895371
4.25	0.899732
4.275	0.924967
4.3	0.913189
4.325	0.915117
4.35	0.926347
4.375	0.949558
4.4	0.944939
4.425	0.928518
4.45	0.945731
4.475	0.985722
4.5	0.984543
4.525	0.981769
4.55	0.982246
4.575	1.00252
4.6	1.01573
4.625	1.02797
4.65	1.05094
4.675	1.06396
4.7	1.09358
4.725	1.11452
4.75	1.12881
4.775	1.14177
4.8	1.16054
4.825	1.20375
4.85	1.24649
4.875	1.26143
4.9	1.27555
4.925	1.30593
4.95	1.33234
4.975	1.37167
5	1.41259
5.025	1.43697
5.05	1.46711
5.075	1.50952
5.1	1.53657
5.125	1.54619
5.15	1.58061
5.175	1.61048
5.2	1.61153
5.225	1.6221
5.25	1.61591
5.275	1.60702
5.3	1.6182
5.325	1.62399
5.35	1.59271
5.375	1.54717
5.4	1.52101
5.425	1.46087
5.45	1.41765
5.475	1.38669
5.5	1.34987
5.525	1.31948
5.55	1.2775
5.575	1.2226
5.6	1.18666
5.625	1.15573
5.65	1.10211
5.675	1.08229
5.7	1.05857
5.725	1.02747
5.75	1.00235
5.775	0.9774
5.8	0.95015
5.825	0.939452
5.85	0.91472
5.875	0.874914
5.9	0.858511
5.925	0.844329
5.95	0.82841
5.975	0.82045
6	0.842625
6.025	0.813812
6.05	0.797997
6.075	0.786439
6.1	0.776189
6.125	0.766788
6.15	0.759789
6.175	0.784929
6.2	0.772918
6.225	0.751928
6.25	0.74557
6.275	0.76079
6.3	0.747682
6.325	0.736355
6.35	0.736055
6.375	0.744471
6.4	0.726839
6.425	0.711742
6.45	0.721819
6.475	0.743358
6.5	0.749828
6.525	0.729749
6.55	0.732837
6.575	0.741236
6.6	0.742096
6.625	0.739467
6.65	0.739525
6.675	0.743859
6.7	0.752496
6.725	0.746664
6.75	0.720233
6.775	0.711846
6.8	0.748042
6.825	0.732241
6.85	0.742461
6.875	0.760575
6.9	0.7628
6.925	0.777754
6.95	0.77818
6.975	0.762825
7	0.77068
7.025	0.771695
7.05	0.771054
7.075	0.774747
7.1	0.784222
7.125	0.794996
7.15	0.805946
7.175	0.812092
7.2	0.825694
7.225	0.838424
7.25	0.842201
7.275	0.852046
7.3	0.868759
7.325	0.894691
7.35	0.912958
7.375	0.928947
7.4	0.958162
7.425	0.975617
7.45	0.989302
7.475	0.994581
7.5	1.01669
7.525	1.04313
7.55	1.06606
7.575	1.08106
7.6	1.09492
7.625	1.11722
7.65	1.12862
7.675	1.13643
7.7	1.15045
7.725	1.16548
7.75	1.18079
7.775	1.17888
7.8	1.18342
7.825	1.19622
7.85	1.21111
7.875	1.21624
7.9	1.20304
7.925	1.21939
7.95	1.23079
7.975	1.21896
8	1.21739
8.025	1.21993
8.05	1.20677
8.075	1.19881
8.1	1.19898
8.125	1.18759
8.15	1.17711
8.175	1.17061
8.2	1.16077
8.225	1.14895
8.25	1.13619
8.275	1.12424
8.3	1.11244
8.325	1.10132
8.35	1.09128
8.375	1.08611
8.4	1.07896
8.425	1.07115
8.45	1.06188
8.475	1.0509
8.5	1.04144
8.525	1.03331
8.55	1.02954
8.575	1.02715
8.6	1.02751
8.625	1.02506
8.65	1.02235
8.675	1.02159
8.7	1.01658
8.725	1.00677
8.75	1.00278
8.775	0.99982
8.8	1.00203
8.825	1.00636
8.85	1.0076
8.875	1.00394
8.9	0.990821
8.925	0.986107
8.95	0.994026
8.975	1.00266
9	1.011
9.025	1.01464
9.05	1.01646
9.075	1.01882
9.1	1.01919
9.125	1.01692
9.15	1.01176
9.175	1.00113
9.2	1.00193
9.225	1.00824
9.25	1.0115
9.275	1.01572
9.3	1.02189
9.325	1.02682
9.35	1.02975
9.375	1.03034
9.4	1.01469
9.425	1.00564
9.45	1.0185
9.475	1.02871
9.5	1.03756
9.525	1.03696
9.55	1.02393
9.575	1.01932
9.6	1.02257
9.625	1.02449
9.65	1.02348
9.675	1.02664
9.7	1.0325
9.725	1.03854
9.75	1.04499
9.775	1.03729
9.8	1.02655
9.825	1.03782
9.85	1.05084
9.875	1.04687
9.9	1.04151
9.925	1.04628
9.95	1.05313
9.975	1.04697
10	1.03812
10.025	1.03374
10.05	1.03103
10.075	1.03884
10.1	1.04681
10.125	1.04039
10.15	1.0328
10.175	1.02972
10.2	1.0267
10.225	1.02448
10.25	1.02322
10.275	1.01731
10.3	1.01135
10.325	1.00467
10.35	0.997048
10.375	0.992235
10.4	0.986473
10.425	0.977143
10.45	0.967775
10.475	0.964163
10.5	0.964994
10.525	0.956651
10.55	0.936336
10.575	0.922318
10.6	0.9221
10.625	0.922608
10.65	0.927738
10.675	0.931719
10.7	0.922987
10.725	0.913816
10.75	0.905916
10.775	0.8977
10.8	0.891774
10.825	0.888567
10.85	0.888536
10.875	0.888514
10.9	0.890923
10.925	0.896675
10.95	0.89839
10.975	0.887305
11	0.876933
11.025	0.874509
11.05	0.872345
11.075	0.871875
11.1	0.871962
11.125	0.871318
11.15	0.868754
11.175	0.865496
11.2	0.867103
11.225	0.867791
11.25	0.860006
11.275	0.852489
11.3	0.860298
11.325	0.870228
11.35	0.87059
11.375	0.86751
11.4	0.868397
11.425	0.875396
11.45	0.88143
11.475	0.884199
11.5	0.886949
11.525	0.892893
11.55	0.899901
11.575	0.908895
11.6	0.917855
11.625	0.925269
11.65	0.925315
11.675	0.925595
11.7	0.937103
11.725	0.951599
11.75	0.962273
11.775	0.965052
11.8	0.967332
11.825	0.975242
11.85	0.983384
11.875	0.985322
11.9	0.985229
11.925	0.989154
11.95	0.999086
11.975	1.00888
12	1.01806
12.025	1.02725
12.05	1.03828
12.075	1.05186
12.1	1.06686
12.125	1.08429
12.15	1.10175
12.175	1.10943
12.2	1.11419
12.225	1.11919
12.25	1.12705
12.275	1.13505
12.3	1.14275
12.325	1.14955
12.35	1.15598
12.375	1.16499
12.4	1.1741
12.425	1.17426
12.45	1.17194
12.475	1.16844
12.5	1.16367
12.525	1.15904
12.55	1.16448
12.575	1.17164
12.6	1.17334
12.625	1.16478
12.65	1.15619
12.675	1.15522
12.7	1.15558
12.725	1.15425
12.75	1.1481
12.775	1.14209
12.8	1.13654
12.825	1.13043
12.85	1.12369
12.875	1.11587
12.9	1.10808
12.925	1.09995
12.95	1.09169
12.975	1.08373
13	1.07991
13.025	1.07642
13.05	1.07095
13.075	1.06312
13.1	1.05525
13.125	1.05371
13.15	1.05348
13.175	1.05291
13.2	1.04948
13.225	1.04606
13.25	1.03748
13.275	1.02417
13.3	1.01084
13.325	1.00222
13.35	0.994634
13.375	0.987934
13.4	0.983638
13.425	0.979198
13.45	0.972264
13.475	0.963199
13.5	0.954086
13.525	0.951582
13.55	0.950375
13.575	0.948836
13.6	0.946791
13.625	0.945208
13.65	0.944869
13.675	0.945134
13.7	0.945356
13.725	0.937063
13.75	0.924288
13.775	0.911845
13.8	0.914214
13.825	0.918828
13.85	0.922271
13.875	0.921792
13.9	0.921292
13.925	0.920519
13.95	0.918246
13.975	0.915936
14	0.91878
14.025	0.925668
14.05	0.932557
14.075	0.933955
14.1	0.933659
14.125	0.933279
14.15	0.93196
14.175	0.930554
14.2	0.929655
14.225	0.930599
14.25	0.93155
14.275	0.932017
14.3	0.931465
14.325	0.930973
14.35	0.930587
14.375	0.93158
14.4	0.932611
14.425	0.936392
14.45	0.942398
14.475	0.948441
14.5	0.95446
14.525	0.960532
14.55	0.966599
14.575	0.969283
14.6	0.970216
14.625	0.971204
14.65	0.969411
14.675	0.966797
14.7	0.964138
14.725	0.967211
14.75	0.971861
14.775	0.976616
14.8	0.985544
14.825	0.995187
14.85	1.00497
14.875	1.001
14.9	0.995068
14.925	0.989056
14.95	0.984811
14.975	0.981019
15	0.977092
15.025	0.985457
15.05	0.994981
15.075	1.00428
15.1	1.00711
15.125	1.009
15.15	1.01088
15.175	1.01046
15.2	1.00914
15.225	1.00779
15.25	1.00072
15.275	0.99257
15.3	0.984347
15.325	0.986341
15.35	0.991525
15.375	0.996842
15.4	0.998799
15.425	0.999107
15.45	0.999422
15.475	0.999165
15.5	0.998834
15.525	0.998494
15.55	0.999351
15.575	1.00185
15.6	1.00433
15.625	1.00462
15.65	0.999771
15.675	0.99505
15.7	0.991264
15.725	0.990998
15.75	0.99076
15.775	0.990264
15.8	0.987524
15.825	0.984753
15.85	0.981934
15.875	0.983661
15.9	0.985886
15.925	0.988205
15.95	0.987162
15.975	0.984714
16	0.982296
16.025	0.985357
16.05	0.993996
16.075	1.00261
16.1	1.00879
16.125	1.00895
16.15	1.00914
16.175	1.00909
16.2	1.00572
16.225	1.00208
16.25	0.998407
16.275	0.999803
16.3	1.00261
16.325	1.00539
16.35	1.01114
16.375	1.01933
16.4	1.02751
16.425	1.03349
16.45	1.0314
16.475	1.02953
16.5	1.02754
16.525	1.03581
16.55	1.04452
16.575	1.05336
16.6	1.05582
16.625	1.05486
16.65	1.05391
16.675	1.05416
16.7	1.05754
16.725	1.06085
16.75	1.0642
16.775	1.06393
16.8	1.06356
16.825	1.06317
16.85	1.06416
16.875	1.06601
16.9	1.06786
16.925	1.06926
16.95	1.06852
16.975	1.06785
17	1.06718
17.025	1.06637
17.05	1.06557
17.075	1.06476
17.1	1.06331
17.125	1.06075
17.15	1.05821
17.175	1.05592
17.2	1.05812
17.225	1.06081
17.25	1.06349
17.275	1.062
17.3	1.05634
17.325	1.05066
17.35	1.04526
17.375	1.04519
17.4	1.04525
17.425	1.04533
17.45	1.043
17.475	1.03865
17.5	1.03432
17.525	1.02975
17.55	1.02264
17.575	1.01544
17.6	1.00824
17.625	1.00138
17.65	0.994762
17.675	0.988142
17.7	0.981493
17.725	0.978862
17.75	0.976346
17.775	0.973832
17.8	0.972878
17.825	0.974282
17.85	0.975661
17.875	0.977109
17.9	0.975454
17.925	0.973066
17.95	0.970669
17.975	0.96798
18	0.965261
18.025	0.962529
18.05	0.959798
18.075	0.954879
18.1	0.94881
18.125	0.942718
18.15	0.936999
18.175	0.936914
18.2	0.936956
18.225	0.937013
18.25	0.937754
18.275	0.940296
18.3	0.942822
18.325	0.945436
18.35	0.944582
18.375	0.941928
18.4	0.939278
18.425	0.936748
18.45	0.9369
18.475	0.93739
18.5	0.937885
18.525	0.939296
18.55	0.943593
18.575	0.947804
18.6	0.951979
18.625	0.950211
18.65	0.943977
18.675	0.937635
18.7	0.931197
18.725	0.934958
18.75	0.940434
18.775	0.945924
18.8	0.951397
18.825	0.955035
18.85	0.958623
18.875	0.962195
18.9	0.964143
18.925	0.963252
18.95	0.962385
18.975	0.961494
19	0.96059
19.025	0.959028
19.05	0.957474
19.075	0.955797
19.1	0.958212
19.125	0.962735
19.15	0.967251
19.175	0.971889
19.2	0.975132
19.225	0.977889
19.25	0.980638
19.275	0.9835
19.3	0.987368
19.325	0.991245
19.35	0.995119
19.375	0.999236
19.4	1.00582
19.425	1.01243
19.45	1.01904
19.475	1.02393
19.5	1.02301
19.525	1.02226
19.55	1.02152
19.575	1.02202
19.6	1.02516
19.625	1.02825
19.65	1.03133
19.675	1.03524
19.7	1.04058
19.725	1.0459
19.75	1.05121
19.775	1.05376
19.8	1.05264
19.825	1.05153
19.85	1.05043
19.875	1.04847
19.9	1.04584
19.925	1.0432
19.95	1.04057
19.975	1.03928
20	1.03935
20.025	1.03942
20.05	1.0395
20.075	1.04166
20.1	1.04577
20.125	1.04989
20.15	1.05398
20.175	1.0534
20.2	1.04863
20.225	1.04361
20.25	1.0386
20.275	1.03442
20.3	1.03064
20.325	1.02687
20.35	1.02315
20.375	1.02032
20.4	1.02876
20.425	1.03486
20.45	1.04116
20.475	1.04398
20.5	1.03893
20.525	1.034
20.55	1.02907
20.575	1.02483
20.6	1.02356
20.625	1.0222
20.65	1.02082
20.675	1.01983
20.7	1.02324
20.725	1.0266
20.75	1.02997
20.775	1.03295
20.8	1.02725
20.825	1.02051
20.85	1.01376
20.875	1.00689
20.9	1.00958
20.925	1.015
20.95	1.02045
20.975	1.02599
21	1.027
21.025	1.02468
21.05	1.02239
21.075	1.0201
21.1	1.01742
21.125	1.01398
21.15	1.01054
21.175	1.00711
21.2	1.00387
21.225	1.00185
21.25	0.999866
21.275	0.997878
21.3	0.995916
21.325	0.992423
21.35	0.988726
21.375	0.985025
21.4	0.981328
21.425	0.980757
21.45	0.98234
21.475	0.983954
21.5	0.98557
21.525	0.988195
21.55	0.99369
21.575	0.999123
21.6	1.00457
21.625	1.00941
21.65	1.00342
21.675	0.996412
21.7	0.989391
21.725	0.982222
21.75	0.981462
21.775	0.984349
21.8	0.987225
21.825	0.990085
21.85	0.992245
21.875	0.992243
21.9	0.992243
21.925	0.992241
21.95	0.992251
21.975	0.991566
22	0.990795
22.025	0.990021
22.05	0.989261
22.075	0.989956
22.1	0.992408
22.125	0.994863
22.15	0.997327
22.175	0.99924
22.2	0.993564
22.225	0.987593
22.25	0.98162
22.275	0.975598
22.3	0.971905
22.325	0.969858
22.35	0.967798
22.375	0.965744
22.4	0.964296
22.425	0.967246
22.45	0.970322
22.475	0.973392
22.5	0.976458
22.525	0.978307
22.55	0.979378
22.575	0.980435
22.6	0.981501
22.625	0.982014
22.65	0.976132
22.675	0.970262
22.7	0.964394
22.725	0.958495
22.75	0.954479
22.775	0.952055
22.8	0.949615
22.825	0.947168
22.85	0.944878
22.875	0.952455
22.9	0.960542
22.925	0.968606
22.95	0.976631
22.975	0.980907
23	0.978671
23.025	0.97649
23.05	0.974312
23.075	0.972115
23.1	0.971686
23.125	0.971749
23.15	0.97182
23.175	0.971887
23.2	0.97168
23.225	0.96989
23.25	0.968064
23.275	0.966243
23.3	0.964462
23.325	0.966007
23.35	0.971321
23.375	0.976662
23.4	0.982006
23.425	0.987354
23.45	0.99149
23.475	0.995319
23.5	0.999145
23.525	1.00297
23.55	1.00688
23.575	1.01144
23.6	1.01601
23.625	1.02059
23.65	1.02513
23.675	1.0265
23.7	1.02162
23.725	1.0168
23.75	1.01201
23.775	1.00708
23.8	1.00847
23.825	1.0138
23.85	1.01912
23.875	1.02447
23.9	1.02995
23.925	1.02778
23.95	1.02421
23.975	1.02064
24	1.01706
24.025	1.014
24.05	1.01814
24.075	1.02258
24.1	1.02703
24.125	1.03149
24.15	1.03539
24.175	1.03714
24.2	1.03886
24.225	1.04059
24.25	1.04232
24.275	1.04352
24.3	1.04367
24.325	1.04383
24.35	1.044
24.375	1.04417
24.4	1.04315
24.425	1.04077
24.45	1.03839
24.475	1.03603
24.5	1.03367
24.525	1.0326
24.55	1.03247
24.575	1.03237
24.6	1.03225
24.625	1.03213
24.65	1.03265
24.675	1.03349
24.7	1.03433
24.725	1.03517
24.75	1.03602
24.775	1.03714
24.8	1.03839
24.825	1.03964
24.85	1.04089
24.875	1.0423
24.9	1.03723
24.925	1.03008
24.95	1.02289
24.975	1.01571
25	1.00846
25.025	1.00674
25.05	1.00688
25.075	1.00704
25.1	1.0072
25.125	1.0074
25.15	1.00646
25.175	1.00511
25.2	1.00375
25.225	1.0024
25.25	1.00105
25.275	0.999467
25.3	0.99778
25.325	0.996091
25.35	0.994404
25.375	0.992728
25.4	0.990512
25.425	0.987932
25.45	0.985353
25.475	0.982776
25.5	0.980225
25.525	0.979702
25.55	0.981363
25.575	0.983043
25.6	0.984725
25.625	0.986406
25.65	0.988105
25.675	0.989839
25.7	0.991572
25.725	0.993305
25.75	0.995036
25.775	0.995362
25.8	0.989283
25.825	0.983371
25.85	0.977464
25.875	0.97156
25.9	0.966268
25.925	0.969534
25.95	0.973156
25.975	0.976762
26	0.980368
26.025	0.983901
26.05	0.980815
26.075	0.976295
26.1	0.971753
26.125	0.96721
26.15	0.962666
26.175	0.961095
26.2	0.961436
26.225	0.961805
26.25	0.962174
26.275	0.962551
26.3	0.96376
26.325	0.966738
26.35	0.96968
26.375	0.97262
26.4	0.975557
26.425	0.978541
26.45	0.982107
26.475	0.985679
26.5	0.989249
26.525	0.992821
26.55	0.996476
26.575	0.994281
26.6	0.990357
26.625	0.986413
26.65	0.982467
26.675	0.978513
26.7	0.97713
26.725	0.979521
26.75	0.981846
26.775	0.984172
26.8	0.986493
26.825	0.988863
26.85	0.991852
26.875	0.994849
26.9	0.997844
26.925	1.00084
26.95	1.00385
26.975	1.00285
27	0.999962
27.025	0.997039
27.05	0.994114
27.075	0.991204
27.1	0.989269
27.125	0.990421
27.15	0.991563
27.175	0.992703
27.2	0.99384
27.225	0.994972
27.25	0.995141
27.275	0.995079
27.3	0.995012
27.325	0.994942
27.35	0.994873
27.375	0.995355
27.4	0.997027
27.425	0.998679
27.45	1.00033
27.475	1.00198
27.5	1.00369
27.525	1.00235
27.55	1.0005
27.575	0.998654
27.6	0.996805
27.625	0.994979
27.65	0.994411
27.675	0.996987
27.7	0.999506
27.725	1.00202
27.75	1.00454
27.775	1.00706
27.8	1.00968
27.825	1.01233
27.85	1.01497
27.875	1.01762
27.9	1.02026
27.925	1.02217
27.95	1.01972
27.975	1.0174
28	1.01508
28.025	1.01276
28.05	1.01048
28.075	1.01368
28.1	1.02102
28.125	1.02843
28.15	1.03584
28.175	1.04325
28.2	1.05092
28.225	1.04659
28.25	1.04156
28.275	1.03656
28.3	1.03156
28.325	1.02657
28.35	1.0227
28.375	1.02221
28.4	1.0217
28.425	1.0212
28.45	1.02069
28.475	1.0202
28.5	1.01918
28.525	1.01779
28.55	1.0164
28.575	1.01501
28.6	1.01363
28.625	1.01225
28.65	1.0116
28.675	1.01109
28.7	1.01058
28.725	1.01008
28.75	1.00957
28.775	1.00909
28.8	1.00885
28.825	1.00861
28.85	1.00837
28.875	1.00813
28.9	1.00789
28.925	1.00687
28.95	1.0039
28.975	1.00096
29	0.998017
29.025	0.995081
29.05	0.99218
29.075	0.991883
29.1	0.994251
29.125	0.99665
29.15	0.999052
29.175	1.00146
29.2	1.00388
29.225	1.00358
29.25	1.00195
29.275	1.0003
29.3	0.998647
29.325	0.996994
29.35	0.995286
29.375	0.996805
29.4	0.999095
29.425	1.0014
29.45	1.00369
29.475	1.006
29.5	1.00848
29.525	1.004
29.55	0.998852
29.575	0.993712
29.6	0.988575
29.625	0.983432
29.65	0.978341
29.675	0.980798
29.7	0.98366
29.725	0.986507
29.75	0.989356
29.775	0.992206
29.8	0.994992
29.825	0.996236
29.85	0.99741
29.875	0.998587
29.9	0.999767
29.925	1.00095
29.95	1.00195
29.975	0.999649
30	0.997199
30.025	0.994755
30.05	0.992313
30.075	0.989872
30.1	0.987482
30.125	0.986468
30.15	0.985521
30.175	0.984573
30.2	0.983626
30.225	0.982679
30.25	0.981729
30.275	0.981447
30.3	0.981204
30.325	0.980959
30.35	0.980716
30.375	0.980469
30.4	0.980175
30.425	0.982074
30.45	0.984254
30.475	0.986431
30.5	0.988609
30.525	0.990788
30.55	0.992984
30.575	0.994101
30.6	0.994901
30.625	0.995699
30.65	0.996496
30.675	0.997294
30.7	0.998095
30.725	0.995666
30.75	0.991287
30.775	0.986877
30.8	0.982466
30.825	0.978058
30.85	0.973682
30.875	0.972203
30.9	0.974514
30.925	0.976829
30.95	0.979144
30.975	0.981458
31	0.98377
31.025	0.985658
31.05	0.985969
31.075	0.986318
31.1	0.986667
31.125	0.987016
31.15	0.987361
31.175	0.987797
31.2	0.989604
31.225	0.99149
31.25	0.993375
31.275	0.99526
31.3	0.997144
31.325	0.999044
31.35	1.00008
31.375	1.00086
31.4	1.00163
31.425	1.0024
31.45	1.00317
31.475	1.00394
31.5	1.00478
31.525	1.00569
31.55	1.00661
31.575	1.00752
31.6	1.00843
31.625	1.00934
31.65	1.01044
31.675	1.01268
31.7	1.01497
31.725	1.01724
31.75	1.01953
31.775	1.02181
31.8	1.02415
31.825	1.02213
31.85	1.0188
31.875	1.01546
31.9	1.01213
31.925	1.00878
31.95	1.00545
31.975	1.00307
32	1.00249
32.025	1.00189
32.05	1.00129
32.075	1.00069
32.1	1.00007
32.125	0.999715
32.15	1.00494
32.175	1.01082
32.2	1.01671
32.225	1.02259
32.25	1.02847
32.275	1.03439
32.3	1.0369
32.325	1.03562
32.35	1.03439
32.375	1.03316
32.4	1.03193
32.425	1.03069
32.45	1.02936
32.475	1.02486
32.5	1.0202
32.525	1.01555
32.55	1.0109
32.575	1.00625
32.6	1.00164
32.625	1.00051
32.65	1.00348
32.675	1.00647
32.7	1.00945
32.725	1.01244
32.75	1.01542
32.775	1.01824
32.8	1.01631
32.825	1.01371
32.85	1.0111
32.875	1.00849
32.9	1.00588
32.925	1.00327
32.95	1.00092
32.975	0.999177
33	0.997418
33.025	0.995659
33.05	0.993901
33.075	0.992141
33.1	0.990372
33.125	0.989593
33.15	0.989208
33.175	0.988827
33.2	0.988447
33.225	0.988067
33.25	0.987683
33.275	0.98751
33.3	0.990099
33.325	0.992758
33.35	0.995418
33.375	0.998079
33.4	1.00074
33.425	1.00339
33.45	1.00538
33.475	1.00602
33.5	1.00668
33.525	1.00734
33.55	1.00801
33.575	1.00867
33.6	1.00934
33.625	1.00805
33.65	1.00568
33.675	1.00328
33.7	1.0009
33.725	0.998508
33.75	0.996118
33.775	0.993736
33.8	0.991558
33.825	0.989416
33.85	0.987276
33.875	0.985136
33.9	0.982999
33.925	0.980866
33.95	0.979028
33.975	0.979526
34	0.980099
34.025	0.980672
34.05	0.981244
34.075	0.981811
34.1	0.982376
34.125	0.982494
34.15	0.980838
34.175	0.979212
34.2	0.97759
34.225	0.975969
34.25	0.974351
34.275	0.972734
34.3	0.972177
34.325	0.973652
34.35	0.975082
34.375	0.976515
34.4	0.977949
34.425	0.979385
34.45	0.980842
34.475	0.983367
34.5	0.987113
34.525	0.990875
34.55	0.99464
34.575	0.998406
34.6	1.00218
34.625	1.00597
34.65	1.00772
34.675	1.00778
34.7	1.00784
34.725	1.00791
34.75	1.00798
34.775	1.00806
34.8	1.00813
34.825	1.0066
34.85	1.00394
34.875	1.00127
34.9	0.998597
34.925	0.995928
34.95	0.993263
34.975	0.990553
35	0.990644
