0.2	7.5395279
0.25400001	3.7344546
0.308	2.0081279
0.36199999	1.3057173
0.41600001	1.061416
0.47	1.0606493
0.52399999	1.1297393
0.57800001	1.0321026
0.63200003	0.7441861
0.68599999	0.46099445
0.74000001	0.27618971
0.79400003	0.17640457
0.84799999	0.13205557
0.90200001	0.12383836
0.95599997	0.14278927
1.01	0.18420321
1.064	0.24532886
1.118	0.32819343
1.1720001	0.4375799
1.226	0.57199258
1.28	0.73363853
1.334	0.91893822
1.388	1.1115025
1.442	1.2904984
1.4960001	1.4437109
1.55	1.5611894
1.604	1.6359905
1.658	1.6774852
1.712	1.6949674
1.766	1.6748718
1.8200001	1.6019943
1.874	1.4829267
1.928	1.3309083
1.982	1.1702735
2.036	1.0212997
2.0899999	0.89563566
2.1440001	0.79119009
2.198	0.70242041
2.2520001	0.6313892
2.306	0.57373691
2.3599999	0.52408034
2.414	0.48485708
2.4679999	0.45232904
2.5220001	0.42261299
2.576	0.39620665
2.6300001	0.38349548
2.684	0.36228096
2.7379999	0.34984094
2.7920001	0.36165833
2.846	0.38736808
2.9000001	0.42329982
2.954	0.46940815
3.0079999	0.51325661
3.062	0.55153096
3.1159999	0.58088022
3.1700001	0.60106629
3.224	0.62067467
3.2780001	0.63382667
3.332	0.6454441
3.3859999	0.65957838
3.4400001	0.66792643
3.494	0.67775518
3.5480001	0.69161421
3.602	0.70635366
3.6559999	0.71769965
3.71	0.73319167
3.7639999	0.75367618
3.8180001	0.77402377
3.872	0.79814959
3.9260001	0.8265518
3.98	0.85931003
4.0339999	0.90057158
4.0879998	0.94525248
4.1420002	0.99932498
4.1960001	1.0608503
4.25	1.1166309
4.3039999	1.1730163
4.3579998	1.2205185
4.4120002	1.2616754
4.4660001	1.300409
4.52	1.3297929
4.5739999	1.3552957
4.6279998	1.3743333
4.6820002	1.385599
4.7360001	1.4055216
4.79	1.4259629
4.8439999	1.4530463
4.8979998	1.4925212
4.9520001	1.5319349
5.006	1.576048
5.0599999	1.6129278
5.1139998	1.6299052
5.1680002	1.624643
5.2220001	1.5819402
5.276	1.5100809
5.3299999	1.4140294
5.3839998	1.3013737
5.4380002	1.1816227
5.4920001	1.0678215
5.546	0.97843874
5.5999999	0.90341687
5.6539998	0.84276205
5.7080002	0.80516052
5.7620001	0.77655488
5.816	0.75779045
5.8699999	0.75152266
5.9239998	0.74616516
5.9780002	0.75543565
6.0320001	0.76074898
6.086	0.76988065
6.1399999	0.79013652
6.1939998	0.80172253
6.2480001	0.81289911
6.302	0.82423717
6.3559999	0.8356235
6.4099998	0.84337515
6.4640002	0.84624314
6.5180001	0.85385996
6.572	0.85258126
6.6259999	0.85464829
6.6799998	0.8445164
6.7340002	0.81911057
6.7880001	0.81431198
6.842	0.79912907
6.8959999	0.77995813
6.9499998	0.75936788
7.0040002	0.73980528
7.0580001	0.72282439
7.112	0.71139795
7.1659999	0.69294286
7.2199998	0.69491756
7.2740002	0.68809783
7.3280001	0.70746744
7.382	0.7174229
7.4359999	0.7463448
7.4899998	0.78750581
7.5440001	0.82259619
7.598	0.87201673
7.652	0.92054713
7.7059999	0.97082984
7.7600002	1.0166422
7.8140001	1.06652
7.868	1.1056287
7.9219999	1.1396743
7.9759998	1.1655394
8.0299997	1.198735
8.0839996	1.2081816
8.1379995	1.2176054
8.1920004	1.2254256
8.2460003	1.2239904
8.3000002	1.2428089
8.3540001	1.2346624
8.408	1.240294
8.4619999	1.2447398
8.5159998	1.2412609
8.5699997	1.2380258
8.6239996	1.2385933
8.6780005	1.2526981
8.7320004	1.2374763
8.7860003	1.2233409
8.8400002	1.224164
8.8940001	1.2171804
8.948	1.1940212
9.0019999	1.1866781
9.0559998	1.1694584
9.1099997	1.1470309
9.1639996	1.1267492
9.2180004	1.1077704
9.2720003	1.0801938
9.3260002	1.0517088
9.3800001	1.0344887
9.434	0.99308252
9.4879999	0.98143321
9.5419998	0.96906388
9.5959997	0.94794762
9.6499996	0.91821444
9.7040005	0.9117524
9.7580004	0.89782196
9.8120003	0.91362512
9.8660002	0.89646029
9.9200001	0.89143533
9.974	0.89595455
10.028	0.8905862
10.082	0.89194876
10.136	0.89406574
10.19	0.92502046
10.244	0.91185558
10.298	0.90554088
10.352	0.90340197
10.406	0.91262627
10.46	0.88171005
10.514	0.89044487
10.568	0.89968121
10.622	0.89308572
10.676	0.8914277
10.73	0.87725252
10.784	0.87562609
10.838	0.88859284
10.892	0.87394989
10.946	0.86311561
11	0.86287349
11.054	0.85649961
11.108	0.85651445
11.162	0.84802055
11.216	0.84017783
11.27	0.83359849
11.324	0.84249115
11.378	0.85518831
11.432	0.84457612
11.486	0.84770197
11.54	0.85834914
11.594	0.87686586
11.648	0.89392316
11.702	0.90073085
11.756	0.92942578
11.81	0.95937467
11.864	0.98248202
11.918	1.0214074
11.972	1.0481621
12.026	1.0782685
12.08	1.110661
12.134	1.121021
12.188	1.1520709
12.242	1.1678442
12.296	1.1962075
12.35	1.2107481
12.404	1.2259057
12.458	1.2332486
12.512	1.2397417
12.566	1.2449396
12.62	1.2396265
12.674	1.2118591
12.728	1.2257015
12.782	1.203178
12.836	1.176096
12.89	1.1740226
12.944	1.1430532
12.998	1.1218351
13.052	1.0835733
13.106	1.0923308
13.16	1.0623931
13.214	1.0411443
13.268	1.0318646
13.322	0.99783599
13.376	0.9908796
13.43	0.97887242
13.484	0.9591645
13.538	0.98206031
13.592	0.9292804
13.646	0.93959904
13.7	0.9333601
13.754	0.93752092
13.808	0.89816236
13.862	0.90791696
13.916	0.89971876
13.97	0.90168256
14.024	0.92633551
14.078	0.92966032
14.132	0.90934783
14.186	0.91387272
14.24	0.91758466
14.294	0.91777414
14.348	0.91361141
14.402	0.90491068
14.456	0.93091524
14.51	0.92245477
14.564	0.92132729
14.618	0.94277155
14.672	0.95967048
14.726	0.9705984
14.78	0.9596408
14.834	0.97783417
14.888	0.96708775
14.942	0.96857089
14.996	0.95386147
15.05	0.96317989
15.104	0.98992914
15.158	1.0044773
15.212	0.96173167
15.266	0.97345877
15.32	0.95549816
15.374	0.9983958
15.428	0.9828589
15.482	1.0044479
15.536	1.006444
15.59	1.0047476
15.644	1.0041804
15.698	1.0096
15.752	1.0252824
15.806	1.018862
15.86	1.0095716
15.914	1.0376561
15.968	1.0248617
16.021999	1.0212698
16.076	1.0397218
16.129999	1.0196375
16.184	1.0206585
16.238001	1.0710523
16.292	1.0826422
16.346001	1.0765543
16.4	1.0608813
16.454	1.0826494
16.507999	1.1043479
16.562	1.0743145
16.615999	1.0990281
16.67	1.0704257
16.724001	1.090209
16.778	1.1001123
16.832001	1.0846343
16.886	1.0493739
16.940001	1.1027262
16.993999	1.1012568
17.048	1.0403779
17.101999	1.0766475
17.156	1.0804789
17.209999	1.0911405
17.264	1.0520976
17.318001	1.0322478
17.372	1.0541605
17.426001	1.0451057
17.48	1.0387388
17.534	1.0218834
17.587999	0.97275192
17.642	0.96336472
17.695999	0.96594846
17.75	0.95906478
17.804001	0.96106523
17.858	0.95750463
17.912001	0.9249109
17.966	0.92527592
18.02	0.92149711
18.073999	0.93858713
18.128	0.92310536
18.181999	0.90952998
18.236	0.93320197
18.290001	0.92324311
18.344	0.92941374
18.398001	0.92044216
18.452	0.88430119
18.506001	0.92678499
18.559999	0.9141435
18.614	0.93080729
18.667999	0.92464775
18.722	0.92630404
18.775999	0.92614484
18.83	0.95425159
18.884001	0.96370357
18.938	0.95298028
18.992001	0.95217216
19.046	0.95647466
19.1	0.96740288
19.153999	0.94888234
19.208	0.96586221
19.261999	0.97117233
19.316	1.0408987
19.370001	1.034206
19.424	0.99046385
19.478001	1.0037485
19.532	1.0258399
19.586	1.0511827
19.639999	1.0237298
19.694	1.066064
19.747999	1.0401241
19.802	1.0446185
19.856001	1.0552911
19.91	1.0564206
19.964001	1.0802841
20.018	1.1001476
20.072001	1.1046222
20.125999	1.080164
20.18	1.0711255
20.233999	1.0665144
20.288	1.0820415
20.341999	1.0894887
20.396	1.0558184
20.450001	1.0775105
20.504	1.0239632
20.558001	1.0562228
20.612	1.0846549
20.666	1.0554901
20.719999	1.0418029
20.774	1.0561428
20.827999	1.071824
20.882	1.0336794
20.936001	1.0278606
20.99	1.0594317
21.044001	1.0462999
21.098	0.9875229
21.152	1.002813
21.205999	0.98166853
21.26	0.97771662
21.313999	1.0292727
21.368	1.0072136
21.422001	1.0503199
21.476	0.99264354
21.530001	0.98285651
21.584	1.011187
21.638	1.0082625
21.691999	1.001169
21.746	1.0054307
21.799999	0.97087705
21.854	0.95896125
21.908001	0.96789342
21.962	0.95373881
22.016001	0.9443469
22.07	0.94481623
22.124001	0.97579712
22.177999	0.97600144
22.232	0.93926567
22.285999	0.94924814
22.34	0.94029272
22.393999	0.92619133
22.448	0.92955691
22.502001	0.95972353
22.556	0.98750287
22.610001	0.97085053
22.664	0.94519562
22.718	0.94184977
22.771999	0.93666089
22.826	0.98267597
22.879999	0.95484847
22.934	0.95621556
22.988001	0.96704805
23.042	0.92622763
23.096001	1.0110435
23.15	0.94248229
23.204	0.97587973
23.257999	0.9329595
23.312	0.94631529
23.365999	0.96818608
23.42	0.99736804
23.474001	1.0129668
23.528	0.97501022
23.582001	1.0284268
23.636	0.91397816
23.690001	0.95917225
23.743999	1.0029955
23.798	0.99753773
23.851999	0.98555565
23.906	1.0434685
23.959999	1.0454919
24.014	1.0332699
24.068001	1.0015594
24.122	0.99188894
24.176001	1.0350575
24.23	1.0670774
24.284	1.0167067
24.337999	1.0340054
24.392	0.99769998
24.445999	1.0381097
24.5	1.0194122
24.554001	1.0053532
24.608	1.0582224
24.662001	1.0655049
24.716	1.0501412
24.77	1.0580664
24.823999	1.0147427
24.878	1.0334671
24.931999	1.0802748
24.986	1.0065248
25.040001	1.0374316
25.094	1.0008687
25.148001	1.044474
25.202	1.0216467
25.256001	0.98985028
25.309999	0.96194762
25.364	0.9533534
25.417999	1.0016394
25.472	0.96473962
25.525999	0.9845013
25.58	0.97563457
25.634001	0.9683004
