0.2	3.8885031
0.205	3.5890088
0.20999999	3.2968259
0.215	3.0509627
0.22	2.8221152
0.22499999	2.6289997
0.23	2.4345334
0.235	2.2283287
0.23999999	2.0670326
0.245	1.9565306
0.25	1.8175288
0.255	1.6635216
0.25999999	1.5626903
0.26499999	1.46336
0.27000001	1.375255
0.27500001	1.2795556
0.28	1.1749108
0.285	1.1001189
0.28999999	1.0500946
0.29499999	0.98372507
0.30000001	0.91448784
0.30500001	0.86910874
0.31	0.81763512
0.315	0.7486223
0.31999999	0.72136074
0.32499999	0.67812371
0.33000001	0.63640618
0.33500001	0.59386659
0.34	0.55777174
0.345	0.53305894
0.34999999	0.5083766
0.35499999	0.48915058
0.36000001	0.46643317
0.36500001	0.449671
0.37	0.43989947
0.375	0.42182291
0.38	0.41105938
0.38499999	0.40360242
0.38999999	0.40294296
0.39500001	0.38326675
0.40000001	0.38430688
0.405	0.37739414
0.41	0.37394744
0.41499999	0.37790626
0.41999999	0.38701522
0.42500001	0.40241927
0.43000001	0.41279191
0.435	0.42309251
0.44	0.44946229
0.44499999	0.48014748
0.44999999	0.52271605
0.45500001	0.58502525
0.46000001	0.64710212
0.465	0.72942364
0.47	0.84101868
0.47499999	0.94644451
0.47999999	1.1123124
0.48500001	1.3231467
0.49000001	1.5508003
0.495	1.8209503
0.5	2.1489265
0.505	2.5034335
0.50999999	2.8572259
0.51499999	3.1883895
0.51999998	3.483572
0.52499998	3.7038896
0.52999997	3.9771609
0.53500003	4.1771173
0.54000002	4.3472672
0.54500002	4.4120584
0.55000001	4.4438205
0.55500001	4.3894048
0.56	4.2249842
0.565	3.9944217
0.56999999	3.7093596
0.57499999	3.3629982
0.57999998	2.9942942
0.58499998	2.6246898
0.58999997	2.2275155
0.59500003	1.9495186
0.60000002	1.6506243
0.60500002	1.4104573
0.61000001	1.199953
0.61500001	1.0200901
0.62	0.87134308
0.625	0.74003649
0.63	0.63598114
0.63499999	0.55492747
0.63999999	0.45992699
0.64499998	0.38687155
0.64999998	0.35013938
0.65499997	0.27214476
0.66000003	0.24170464
0.66500002	0.21075553
0.67000002	0.17244448
0.67500001	0.14329571
0.68000001	0.12321405
0.685	0.10499482
0.69	0.082228735
0.69499999	0.056856856
0.69999999	0.042414457
0.70499998	0.037576586
0.70999998	0.017534122
0.71499997	0.028841555
0.72000003	-0.0075783432
0.72500002	-0.014899537
0.73000002	-0.0092481971
0.73500001	-0.020606779
0.74000001	-0.027729183
0.745	-0.028467469
0.75	-0.02561935
0.755	-0.029327035
0.75999999	-0.037084103
0.76499999	-0.039469093
0.76999998	-0.037985303
0.77499998	-0.031357802
0.77999997	-0.018823631
0.78500003	-0.01201573
0.79000002	-0.0052544475
0.79500002	0.011590034
0.80000001	0.022495151
0.80500001	0.04062891
0.81	0.062512413
0.815	0.074943066
0.81999999	0.08319588
0.82499999	0.086340845
0.82999998	0.087435216
0.83499998	0.090734288
0.83999997	0.068594813
0.84500003	0.045219392
0.85000002	0.023888677
0.85500002	0.0019257069
0.86000001	-0.020554125
0.86500001	-0.044978201
0.87	-0.058403365
0.875	-0.078643709
0.88	-0.10078852
0.88499999	-0.12208657
0.88999999	-0.13237847
0.89499998	-0.13815375
0.89999998	-0.1545901
0.90499997	-0.15876208
0.91000003	-0.16283731
0.91500002	-0.17107588
0.92000002	-0.15899928
0.92500001	-0.14756642
0.93000001	-0.1360056
0.935	-0.131271
0.94	-0.11396165
0.94499999	-0.10484704
0.94999999	-0.098837152
0.95499998	-0.102521
0.95999998	-0.12360844
0.96499997	-0.14314428
0.97000003	-0.15485619
0.97500002	-0.16992094
0.98000002	-0.18273383
0.98500001	-0.17145447
0.99000001	-0.16667186
0.995	-0.14968427
1	-0.15274702
1.005	-0.14294113
1.01	-0.12854844
1.015	-0.11313085
1.02	-0.092501089
1.025	-0.066399954
1.03	-0.044874981
1.035	-0.036595814
1.04	-0.018818811
1.045	-0.0079310313
1.05	-0.014462851
1.0549999	-0.010969646
1.0599999	-0.026742145
1.0650001	-0.038040005
1.0700001	-0.042984508
1.075	-0.043759122
1.08	-0.049466565
1.085	-0.049406193
1.09	-0.047276691
1.095	-0.052173577
1.1	-0.045305163
1.105	-0.04534886
1.11	-0.049019322
1.115	-0.041382991
1.12	-0.035854466
1.125	-0.032937169
1.13	-0.021650195
1.135	-0.0023324192
1.14	0.0067657828
1.145	0.031839877
1.15	0.060871571
1.155	0.083014309
1.16	0.11446142
1.165	0.14457549
1.17	0.16130301
1.175	0.16997406
1.1799999	0.17098235
1.1849999	0.15010406
1.1900001	0.13854735
1.1950001	0.13443014
1.2	0.12784228
1.205	0.12780532
1.21	0.15065499
1.215	0.17680602
1.22	0.19271827
1.225	0.20969993
1.23	0.22901073
1.235	0.24828281
1.24	0.28050011
1.245	0.30995652
1.25	0.32141116
1.255	0.35420388
1.26	0.3717716
1.265	0.38125533
1.27	0.41484267
1.275	0.43397558
1.28	0.43389443
1.285	0.44172379
1.29	0.4493489
1.295	0.43704087
1.3	0.43608466
1.3049999	0.44728619
1.3099999	0.43003064
1.3150001	0.43941832
1.3200001	0.4354336
1.325	0.44596609
1.33	0.43884608
1.335	0.41950136
1.34	0.42342752
1.345	0.4298566
1.35	0.42155474
1.355	0.41627094
1.36	0.42311496
1.365	0.43324405
1.37	0.43604898
1.375	0.44665217
1.38	0.42593774
1.385	0.45491734
1.39	0.45304018
1.395	0.47025174
1.4	0.48866433
1.405	0.50925761
1.41	0.53354096
1.415	0.56061029
1.42	0.58566755
1.425	0.60842448
1.4299999	0.63807368
1.4349999	0.65562141
1.4400001	0.70578063
1.4450001	0.71992159
1.45	0.7546593
1.455	0.81276929
1.46	0.8458547
1.465	0.89672768
1.47	0.94646859
1.475	1.0118184
1.48	1.0964062
1.485	1.1913161
1.49	1.3007879
1.495	1.4207983
1.5	1.5686682
1.505	1.7133391
1.51	1.9055436
1.515	2.0017085
1.52	2.0776296
1.525	2.0765169
1.53	2.0607426
1.535	2.0465615
1.54	2.045203
1.545	2.1037772
1.55	2.2690439
1.5549999	2.5718257
1.5599999	3.0474746
1.5650001	3.6883242
1.5700001	4.4050007
1.575	5.2998595
1.58	6.2239137
1.585	6.8748879
1.59	7.1012907
1.595	6.9568472
1.6	6.3835607
1.605	5.4778214
1.61	4.4339681
1.615	3.4287562
1.62	2.6037462
1.625	2.0612445
1.63	1.7834421
1.635	1.5520419
1.64	1.4184699
1.645	1.290027
1.65	1.2051665
1.655	1.1142482
1.66	1.0643189
1.665	1.0124885
1.67	0.97621095
1.675	0.9594723
1.6799999	0.94150305
1.6849999	0.92512733
1.6900001	0.92126107
1.6950001	0.91430867
1.7	0.91955054
1.705	0.90641689
1.71	0.91173911
1.715	0.92714792
1.72	0.95444894
1.725	0.95128155
1.73	0.96198028
1.735	0.96551907
1.74	0.98862523
1.745	1.0128703
1.75	1.0227306
1.755	1.0534317
1.76	1.0515176
1.765	1.0969771
1.77	1.141373
1.775	1.2101108
1.78	1.2644759
1.785	1.3119326
1.79	1.2885499
1.795	1.256145
1.8	1.1913961
1.8049999	1.1184114
1.8099999	1.0486619
1.8150001	0.98398799
1.8200001	0.95154524
1.825	0.92672902
1.83	0.89855564
1.835	0.9297483
1.84	0.92932212
1.845	0.92806137
1.85	0.93695283
1.855	0.94938862
1.86	1.0061893
1.865	1.0807641
1.87	1.161389
1.875	1.2768055
1.88	1.4052674
1.885	1.4903785
1.89	1.542841
1.895	1.5496858
1.9	1.493161
1.905	1.3593998
1.91	1.2349297
1.915	1.0705259
1.92	0.96803069
1.925	0.89502752
1.9299999	0.84929764
1.9349999	0.81919014
1.9400001	0.81447887
1.9450001	0.8267085
1.95	0.82882702
1.955	0.82623577
1.96	0.81116718
1.965	0.84626609
1.97	0.81376874
1.975	0.83966208
1.98	0.83875746
1.985	0.85221899
1.99	0.86982089
1.995	0.87188709
2	0.90577006
2.0050001	0.94798666
2.01	0.97435617
2.0150001	1.0050988
2.02	1.0404593
2.0250001	1.0980294
2.03	1.1116936
2.0350001	1.0825282
2.04	1.0934441
2.0450001	1.1196845
2.05	1.1474584
2.0550001	1.176544
2.0599999	1.2415888
2.0650001	1.3115728
2.0699999	1.3566197
2.075	1.3598714
2.0799999	1.3287283
2.085	1.2776698
2.0899999	1.1640366
2.095	1.0163972
2.0999999	0.89397699
2.105	0.77798897
2.1099999	0.74526078
2.115	0.7433033
2.1199999	0.74634576
2.125	0.74949408
2.1300001	0.75274873
2.135	0.75615972
2.1400001	0.75955081
2.145	0.76268774
2.1500001	0.76550657
2.155	0.76836193
2.1600001	0.77146149
2.165	0.77231777
2.1700001	0.74595898
2.175	0.71973288
2.1800001	0.69269007
2.1849999	0.66592085
2.1900001	0.63932621
2.1949999	0.61229789
2.2	0.58518988
2.2049999	0.55826485
2.21	0.53112721
2.2149999	0.50368887
2.22	0.48201099
2.2249999	0.48041558
2.23	0.47869849
2.2349999	0.47740358
2.24	0.47592673
2.2449999	0.47475612
2.25	0.47325093
2.2550001	0.47195396
2.26	0.47073877
2.2650001	0.46936482
2.27	0.46794912
2.2750001	0.4719682
2.28	0.48407578
2.2850001	0.49608603
2.29	0.50797921
2.2950001	0.51994967
2.3	0.532175
2.3050001	0.54415464
2.3099999	0.55675513
2.3150001	0.56902677
2.3199999	0.58200431
2.325	0.59451425
2.3299999	0.58424884
2.335	0.5579834
2.3399999	0.53174198
2.345	0.50489366
2.3499999	0.47752327
2.355	0.44992968
2.3599999	0.42220423
2.365	0.39401522
2.3699999	0.36641857
2.375	0.3381063
2.3800001	0.30991679
2.385	0.30056167
2.3900001	0.29711667
2.395	0.29363829
2.4000001	0.29024777
2.405	0.28689292
2.4100001	0.28344014
2.415	0.28003842
2.4200001	0.27678207
2.425	0.27324888
2.4300001	0.26961365
2.4349999	0.26552179
2.4400001	0.25588477
2.4449999	0.24601677
2.45	0.23568943
2.4549999	0.22533181
2.46	0.21527849
2.4649999	0.20540147
2.47	0.19558233
2.4749999	0.18561397
2.48	0.17548473
2.4849999	0.16573754
2.49	0.15877369
2.4949999	0.17355621
2.5	0.1886346
2.5050001	0.20346154
2.51	0.21858956
2.5150001	0.2336977
2.52	0.24866599
2.5250001	0.26383448
2.53	0.27922931
2.5350001	0.29439077
2.54	0.30943948
2.5450001	0.31902954
2.55	0.31552872
2.5550001	0.31207156
2.5599999	0.30850568
2.5650001	0.30538127
2.5699999	0.30223581
2.575	0.29863685
2.5799999	0.29567969
2.585	0.29253951
2.5899999	0.28923255
2.595	0.28596079
2.5999999	0.28166783
2.605	0.27635661
2.6099999	0.27108061
2.615	0.26562542
2.6199999	0.26013654
2.625	0.25425479
2.6300001	0.24873319
2.635	0.24318048
2.6400001	0.23690577
2.645	0.23114483
2.6500001	0.22493637
2.655	0.21598785
2.6600001	0.20535737
2.665	0.19480568
2.6700001	0.1845248
2.675	0.173942
2.6800001	0.16322285
2.6849999	0.15286885
2.6900001	0.14190623
2.6949999	0.13161524
2.7	0.12070698
2.7049999	0.11028332
2.71	0.1104549
2.7149999	0.11265022
2.72	0.11480604
2.7249999	0.11723381
2.73	0.11980352
2.7349999	0.12224297
2.74	0.12451935
2.7449999	0.12683699
2.75	0.12939878
2.7550001	0.13142234
2.76	0.13429278
2.7650001	0.14081196
2.77	0.14764382
2.7750001	0.15430838
2.78	0.16103582
2.7850001	0.16786456
2.79	0.17452799
2.7950001	0.18120851
2.8	0.1880855
2.8050001	0.19511013
2.8099999	0.20215438
2.8150001	0.20947117
2.8199999	0.21812561
2.825	0.22678755
2.8299999	0.23535502
2.835	0.24375208
2.8399999	0.25254872
2.845	0.26143122
2.8499999	0.27025869
2.855	0.27912173
2.8599999	0.28785819
2.865	0.29650092
2.8699999	0.30269393
2.875	0.30528939
2.8800001	0.30762872
2.885	0.30962503
2.8900001	0.31198907
2.895	0.3143217
2.9000001	0.3163456
2.905	0.31855786
2.9100001	0.3208999
2.915	0.3233608
2.9200001	0.32538715
2.925	0.33060813
2.9300001	0.33791417
2.9349999	0.34487075
2.9400001	0.35201764
2.9449999	0.35962787
2.95	0.36671385
2.9549999	0.37414595
2.96	0.38171506
2.9649999	0.38893998
2.97	0.39672518
2.9749999	0.40426147
2.98	0.45562273
2.9849999	0.51948118
2.99	0.58381593
2.9949999	0.64864659
3	0.71388245
3.0050001	0.77948684
3.01	0.84543991
3.0150001	0.91163051
3.02	0.97830731
3.0250001	1.0451665
3.03	1.1118869
3.0350001	1.0636545
3.04	1.0117028
3.0450001	0.95839757
3.05	0.90498435
3.0550001	0.85086429
3.0599999	0.79638797
3.0650001	0.74186939
3.0699999	0.68732023
3.075	0.6329034
3.0799999	0.57861757
3.085	0.53269249
3.0899999	0.5301199
3.095	0.52838099
3.0999999	0.52582586
3.105	0.52322423
3.1099999	0.52099723
3.115	0.51863134
3.1199999	0.51618171
3.125	0.51378858
3.1300001	0.51152265
3.135	0.50923294
3.1400001	0.5084883
3.145	0.51072282
3.1500001	0.51240051
3.155	0.51465559
3.1600001	0.51640368
3.165	0.51818615
3.1700001	0.51998228
3.175	0.52225691
3.1800001	0.5239839
3.1849999	0.52582407
3.1900001	0.52730614
3.1949999	0.52690935
3.2	0.52489865
3.2049999	0.52251786
3.21	0.5199315
3.2149999	0.51731175
3.22	0.51496595
3.2249999	0.51206177
3.23	0.50964254
3.2349999	0.50704747
3.24	0.50471467
3.2449999	0.50285363
3.25	0.50982821
3.2550001	0.52070576
3.26	0.53153956
3.2650001	0.54230392
3.27	0.55312413
3.2750001	0.56391448
3.28	0.57510531
3.2850001	0.58616745
3.29	0.5973534
3.2950001	0.60743725
3.3	0.6188103
3.3050001	0.62070984
3.3099999	0.62147588
3.3150001	0.62186944
3.3199999	0.62218368
3.325	0.62245214
3.3299999	0.62292212
3.335	0.62338495
3.3399999	0.62362933
3.345	0.62409061
3.3499999	0.62443787
3.355	0.62475479
3.3599999	0.62656099
3.365	0.62732226
3.3699999	0.62961686
3.375	0.63092482
3.3800001	0.63270569
3.385	0.63433319
3.3900001	0.63585645
3.395	0.6374566
3.4000001	0.63910598
3.405	0.64082897
3.4100001	0.63609833
3.415	0.61510491
3.4200001	0.59397954
3.425	0.57201564
3.4300001	0.55084425
3.4349999	0.52918935
3.4400001	0.50740761
3.4449999	0.48529819
3.45	0.46274385
3.4549999	0.44061801
3.46	0.41844508
3.4649999	0.41096643
3.47	0.41972575
3.4749999	0.42843696
3.48	0.43761802
3.4849999	0.4471671
3.49	0.45663419
3.4949999	0.46569824
3.5	0.47518173
3.5050001	0.48469168
3.51	0.49386564
3.5150001	0.5037244
3.52	0.52426541
3.5250001	0.54960138
3.53	0.57492262
3.5350001	0.60049689
3.54	0.62615871
3.5450001	0.65195936
3.55	0.67784166
3.5550001	0.70401543
3.5599999	0.73009539
3.5650001	0.75614077
3.5699999	0.78238815
3.575	0.78569227
3.5799999	0.78509802
3.585	0.78425056
3.5899999	0.78348792
3.595	0.78268808
3.5999999	0.78164268
3.605	0.78055441
3.6099999	0.77952534
3.615	0.77829039
3.6199999	0.77715439
3.625	0.77434558
3.6300001	0.7531364
3.635	0.73148656
3.6400001	0.7102704
3.645	0.68831778
3.6500001	0.66710609
3.655	0.64576894
3.6600001	0.62389493
3.665	0.60208851
3.6700001	0.58031714
3.675	0.55826735
3.6800001	0.5417943
3.6849999	0.54193264
3.6900001	0.54235476
3.6949999	0.54278994
3.7	0.54334778
3.7049999	0.5439086
3.71	0.54400527
3.7149999	0.54442745
3.72	0.5448736
3.7249999	0.54513621
3.73	0.5455966
3.7349999	0.55768257
3.74	0.58452421
3.7449999	0.61149937
3.75	0.63824916
3.7550001	0.66554469
3.76	0.6924715
3.7650001	0.71945029
3.77	0.74676967
3.7750001	0.77460617
3.78	0.80149192
3.7850001	0.82911563
3.79	0.83792806
3.7950001	0.83549398
3.8	0.83303905
3.8050001	0.83056784
3.8099999	0.82808095
3.8150001	0.82557756
3.8199999	0.82305813
3.825	0.82052249
3.8299999	0.8179704
3.835	0.81540138
3.8399999	0.81281555
3.845	0.80560774
3.8499999	0.79738939
3.855	0.78913271
3.8599999	0.78083795
3.865	0.77250475
3.8699999	0.76413321
3.875	0.75572312
3.8800001	0.74727446
3.885	0.73878711
3.8900001	0.73026085
3.895	0.72188658
3.9000001	0.72273868
3.905	0.72359133
3.9100001	0.72444183
3.915	0.72529006
3.9200001	0.72613609
3.925	0.72697979
3.9300001	0.72782069
3.9349999	0.72865903
3.9400001	0.72949535
3.9449999	0.73032922
3.95	0.73114127
3.9549999	0.7318809
3.96	0.7326175
3.9649999	0.73335171
3.97	0.73408264
3.9749999	0.73481077
3.98	0.73553622
3.9849999	0.73625875
3.99	0.73697841
3.9949999	0.7376954
4	0.73840958
4.0050001	0.74074876
4.0100002	0.74541914
4.0149999	0.7501027
4.02	0.75479883
4.0250001	0.75950724
4.0300002	0.76422757
4.0349998	0.76896173
4.04	0.77370811
4.0450001	0.77846694
4.0500002	0.78323805
4.0549998	0.78802186
4.0599999	0.79898566
4.0650001	0.81396109
4.0700002	0.82898968
4.0749998	0.84406948
4.0799999	0.85919964
4.085	0.8743813
4.0900002	0.88961476
4.0949998	0.904899
4.0999999	0.92023736
4.105	0.9356302
4.1100001	0.95107353
4.1149998	0.97989666
4.1199999	1.0120488
4.125	1.0443168
4.1300001	1.0766989
4.1350002	1.1091958
4.1399999	1.1418077
4.145	1.1745346
4.1500001	1.2073772
4.1550002	1.2403371
4.1599998	1.2734102
4.165	1.3065242
4.1700001	1.3152671
4.1750002	1.3240268
4.1799998	1.3328103
4.1849999	1.3416191
4.1900001	1.3504522
4.1950002	1.3593103
4.1999998	1.3681935
4.2049999	1.3771015
4.21	1.3860346
4.2150002	1.3949927
4.2199998	1.3993697
4.2249999	1.3855139
4.23	1.3715912
4.2350001	1.3576053
4.2399998	1.3435584
4.2449999	1.32945
4.25	1.3152832
4.2550001	1.3010548
4.2600002	1.286767
4.2649999	1.2724187
4.27	1.2580094
4.2750001	1.2539515
4.2800002	1.2654414
4.2849998	1.276973
4.29	1.2885395
4.2950001	1.3001411
4.3000002	1.3117771
4.3049998	1.3234521
4.3099999	1.3351622
4.3150001	1.3469079
4.3200002	1.3586884
4.3249998	1.3705043
4.3299999	1.3753253
4.335	1.3754768
4.3400002	1.3756191
4.3449998	1.3757541
4.3499999	1.375882
4.355	1.3760021
4.3600001	1.376115
4.3649998	1.3762206
4.3699999	1.3763187
4.375	1.3764087
4.3800001	1.3764917
4.3850002	1.3704817
4.3899999	1.3629271
4.395	1.3553361
4.4000001	1.3477103
4.4050002	1.3400493
4.4099998	1.3323528
4.415	1.3246211
4.4200001	1.3168535
4.4250002	1.3090508
4.4299998	1.301213
4.4349999	1.2934107
4.4400001	1.3228079
4.4450002	1.3523161
4.4499998	1.3819242
4.4549999	1.4116309
4.46	1.4414368
4.4650002	1.4713434
4.4699998	1.5013496
4.4749999	1.5314543
4.48	1.5616597
4.4850001	1.5917267
4.4899998	1.6144426
4.4949999	1.6104757
4.5	1.6064785
4.5050001	1.6024581
4.5100002	1.5984128
4.5149999	1.5943446
4.52	1.5902535
4.5250001	1.5861391
4.5300002	1.5820014
4.5349998	1.5778402
4.54	1.5736556
4.5450001	1.5608401
4.5500002	1.5353845
4.5549998	1.5098211
4.5599999	1.4841599
4.5650001	1.4583982
4.5700002	1.4325396
4.5749998	1.4065722
4.5799999	1.3805035
4.585	1.354336
4.5900002	1.3280706
4.5949998	1.3017045
4.5999999	1.2862808
4.605	1.2778832
4.6100001	1.2694548
4.6149998	1.2609903
4.6199999	1.2524889
4.625	1.2439502
4.6300001	1.235376
4.6350002	1.226765
4.6399999	1.2181152
4.645	1.2094268
4.6500001	1.2007029
4.6550002	1.2027158
4.6599998	1.2072105
4.665	1.211717
4.6700001	1.2162331
4.6750002	1.2207581
4.6799998	1.2252927
4.6849999	1.2298368
4.6900001	1.2343901
4.6950002	1.2389525
4.6999998	1.2435249
4.7049999	1.248118
4.71	1.2533401
4.7150002	1.258575
4.7199998	1.2638217
4.7249999	1.26908
4.73	1.27435
4.7350001	1.279632
4.7399998	1.2849259
4.7449999	1.2902313
4.75	1.2955487
4.7550001	1.3008788
4.7600002	1.3093498
4.7649999	1.3287458
4.77	1.3482106
4.7750001	1.3677351
4.7800002	1.3873261
4.7849998	1.4069768
4.79	1.4266891
4.7950001	1.4464624
4.8000002	1.4662958
4.8049998	1.4861906
4.8099999	1.5061462
4.8150001	1.5208056
4.8200002	1.5283734
4.8249998	1.5359546
4.8299999	1.5435541
4.835	1.5511714
4.8400002	1.5588076
4.8449998	1.566463
4.8499999	1.5741372
4.855	1.5818297
4.8600001	1.5895406
4.8649998	1.5978389
4.8699999	1.5927289
4.875	1.5797588
4.8800001	1.5667289
4.8850002	1.553647
4.8899999	1.5405133
4.895	1.5273287
4.9000001	1.5140916
4.9050002	1.5008031
4.9099998	1.4874605
4.915	1.4740639
4.9200001	1.4606231
4.9250002	1.470873
4.9299998	1.485585
4.9349999	1.5003451
4.9400001	1.5151482
4.9450002	1.5299942
4.9499998	1.5448836
4.9549999	1.5598159
4.96	1.5747912
4.9650002	1.5898101
4.9699998	1.6048723
4.9749999	1.6198961
4.98	1.6334579
4.9850001	1.6470577
4.9899998	1.6606971
4.9949999	1.6743751
5	1.6880903
5.0050001	1.7018445
5.0100002	1.7156371
5.0149999	1.7294683
5.02	1.7433385
5.0250001	1.7572452
5.0300002	1.7675172
5.0349998	1.767387
5.04	1.7672402
5.0450001	1.7670856
5.0500002	1.7669213
5.0549998	1.7667489
5.0599999	1.7665684
5.0650001	1.7663795
5.0700002	1.7661821
5.0749998	1.7659764
5.0799999	1.7657648
5.085	1.7692355
5.0900002	1.7768716
5.0949998	1.7845292
5.0999999	1.7922047
5.105	1.7998974
5.1100001	1.8076082
5.1149998	1.8153368
5.1199999	1.8230845
5.125	1.8308502
5.1300001	1.8386332
5.1350002	1.8464317
5.1399999	1.8502309
5.145	1.8521458
5.1500001	1.8540574
5.1550002	1.8559678
5.1599998	1.8578764
5.165	1.8597836
5.1700001	1.8616891
5.1750002	1.863593
5.1799998	1.8654954
5.1849999	1.867396
5.1900001	1.8692741
5.1950002	1.8393559
5.1999998	1.805452
5.2049999	1.7714243
5.21	1.7372805
5.2150002	1.7030178
5.2199998	1.6686335
5.2249999	1.6341301
5.23	1.5995097
5.2350001	1.5647703
5.2399998	1.5299155
5.2449999	1.4986932
5.25	1.4995798
5.2550001	1.5004904
5.2600002	1.5013976
5.2649999	1.5023015
5.27	1.5032021
5.2750001	1.5040992
5.2800002	1.5049933
5.2849998	1.5058837
5.29	1.5067705
5.2950001	1.5076513
5.3000002	1.5053033
5.3049998	1.4959942
5.3099999	1.486643
5.3150001	1.4772547
5.3200002	1.467831
5.3249998	1.4583672
5.3299999	1.448867
5.335	1.4393302
5.3400002	1.429757
5.3449998	1.4201474
5.3499999	1.4105041
5.355	1.4038693
5.3600001	1.3999032
5.3649998	1.395921
5.3699999	1.3919202
5.375	1.3879014
5.3800001	1.3838637
5.3850002	1.3798082
5.3899999	1.3757327
5.395	1.3716378
5.4000001	1.3675243
5.4050002	1.3633883
5.4099998	1.354547
5.415	1.3440654
5.4200001	1.3335435
5.4250002	1.322983
5.4299998	1.3123828
5.4349999	1.3017439
5.4400001	1.2910668
5.4450002	1.2803494
5.4499998	1.2695932
5.4549999	1.2587991
5.46	1.247959
5.4650002	1.2323323
5.4699998	1.2164516
5.4749999	1.2005155
5.48	1.1845243
5.4850001	1.1684778
5.4899998	1.1523757
5.4949999	1.1362183
5.5	1.1200061
5.5050001	1.103739
5.5100002	1.0874192
5.5149999	1.074266
5.52	1.0760461
5.5250001	1.0778409
5.5300002	1.0796363
5.5349998	1.0814332
5.54	1.0832314
5.5450001	1.0850308
5.5500002	1.0868318
5.5549998	1.0886341
5.5599999	1.0904374
5.5650001	1.0922362
5.5700002	1.0890064
5.5749998	1.0780139
5.5799999	1.0669761
5.585	1.0558996
5.5900002	1.0447844
5.5949998	1.0336308
5.5999999	1.0224355
5.605	1.0112014
5.6100001	0.99992901
5.6149998	0.98861653
5.6199999	0.97726822
5.625	0.9680748
5.6300001	0.96024489
5.6350002	0.95238906
5.6399999	0.94450521
5.645	0.93659276
5.6500001	0.92865264
5.6550002	0.92068422
5.6599998	0.91268778
5.665	0.90466225
5.6700001	0.89660627
5.6750002	0.88853282
5.6799998	0.88940156
5.6849999	0.89211309
5.6900001	0.89483142
5.6950002	0.89755464
5.6999998	0.90028268
5.7049999	0.90301549
5.71	0.90575314
5.7150002	0.90849578
5.7199998	0.91124344
5.7249999	0.91399282
5.73	0.91576111
5.7350001	0.89896166
5.7399998	0.88208783
5.7449999	0.86515915
5.75	0.84817684
5.7550001	0.83113885
5.7600002	0.81404549
5.7649999	0.79689699
5.77	0.77969354
5.7750001	0.76243484
5.7800002	0.74512637
5.7849998	0.73142129
5.79	0.72753954
5.7950001	0.72365129
5.8000002	0.71974921
5.8049998	0.71583104
5.8099999	0.71189731
5.8150001	0.70794988
5.8200002	0.7039873
5.8249998	0.70001
5.8299999	0.69601816
5.835	0.69201583
5.8400002	0.69145119
5.8449998	0.69445461
5.8499999	0.69746751
5.855	0.70048702
5.8600001	0.70351243
5.8649998	0.7065447
5.8699999	0.70958281
5.875	0.71262825
5.8800001	0.71567971
5.8850002	0.71873766
5.8899999	0.72179782
5.895	0.72179556
5.9000001	0.72055656
5.9050002	0.71930999
5.9099998	0.71805716
5.915	0.71679777
5.9200001	0.71553165
5.9250002	0.71425927
5.9299998	0.71298033
5.9349999	0.71169466
5.9400001	0.71040279
5.9450002	0.70910162
5.9499998	0.70634758
5.9549999	0.70348287
5.96	0.7006073
5.9650002	0.69772089
5.9699998	0.69482297
5.9749999	0.69191366
5.98	0.68899339
5.9850001	0.68606186
5.9899998	0.68311864
5.9949999	0.68016666
6	0.67848957
6.0050001	0.68348145
6.0100002	0.68849117
6.0149999	0.69351381
6.02	0.69854897
6.0250001	0.70359629
6.0300002	0.70865619
6.0349998	0.71372759
6.04	0.71881133
6.0450001	0.72390771
6.0500002	0.72901589
6.0549998	0.73374826
6.0599999	0.73787433
6.0650001	0.74200934
6.0700002	0.74615371
6.0749998	0.75030786
6.0799999	0.754471
6.085	0.75864524
6.0900002	0.76282811
6.0949998	0.76702046
6.0999999	0.77122217
6.105	0.77542317
6.1100001	0.77332664
6.1149998	0.76721126
6.1199999	0.76107168
6.125	0.75491166
6.1300001	0.74873054
6.1350002	0.74252856
6.1399999	0.73630643
6.145	0.73006296
6.1500001	0.72379929
6.1550002	0.71751368
6.1599998	0.71121866
6.165	0.71232593
6.1700001	0.7148726
6.1750002	0.71742576
6.1799998	0.71998376
6.1849999	0.72254646
6.1900001	0.72511393
6.1950002	0.72768635
6.1999998	0.73026365
6.2049999	0.73284554
6.21	0.7354331
6.2150002	0.73817229
6.2199998	0.74295831
6.2249999	0.74775839
6.23	0.75256944
6.2350001	0.75739139
6.2399998	0.76222515
6.2449999	0.76706982
6.25	0.77192575
6.2550001	0.77679265
6.2600002	0.78167069
6.2649999	0.78656161
6.27	0.7921412
6.2750001	0.79935068
6.2800002	0.80657977
6.2849998	0.81382674
6.29	0.82109141
6.2950001	0.82837617
6.3000002	0.8356778
6.3049998	0.84299803
6.3099999	0.85033578
6.3150001	0.85769159
6.3200002	0.86505753
6.3249998	0.86793488
6.3299999	0.86672807
6.335	0.86551118
6.3400002	0.86428809
6.3449998	0.86305922
6.3499999	0.86182356
6.355	0.86058158
6.3600001	0.85933322
6.3649998	0.85807741
6.3699999	0.85681576
6.375	0.85554463
6.3800001	0.85278541
6.3850002	0.8495332
6.3899999	0.84626871
6.395	0.84299213
6.4000001	0.83970338
6.4050002	0.83640254
6.4099998	0.83308995
6.415	0.82976502
6.4200001	0.82642794
6.4250002	0.82307947
6.4299998	0.81972253
6.4349999	0.82178259
6.4400001	0.8239221
6.4450002	0.82606471
6.4499998	0.82821041
6.4549999	0.83035946
6.46	0.8325119
6.4650002	0.83466756
6.4699998	0.83682632
6.4749999	0.83898866
6.48	0.84115416
6.4850001	0.84398025
6.4899998	0.84916013
6.4949999	0.85435438
6.5	0.85956025
6.5050001	0.86477864
6.5100002	0.87000889
6.5149999	0.87525064
6.52	0.88050437
6.5250001	0.88576978
6.5300002	0.8910467
6.5349998	0.89633536
6.54	0.90165353
6.5450001	0.90700448
6.5500002	0.91236722
6.5549998	0.91774195
6.5599999	0.92312855
6.5650001	0.92852718
6.5700002	0.93393803
6.5749998	0.93936133
6.5799999	0.94479716
6.585	0.95024467
6.5900002	0.95570427
6.5949998	0.95641553
6.5999999	0.9549498
6.605	0.95347387
6.6100001	0.95199096
6.6149998	0.95050097
6.6199999	0.94900399
6.625	0.94749993
6.6300001	0.94598854
6.6350002	0.94447017
6.6399999	0.94294488
6.645	0.94141161
6.6500001	0.93534386
6.6550002	0.92887092
6.6599998	0.92237639
6.665	0.91586071
6.6700001	0.90932477
6.6750002	0.90276802
6.6799998	0.89619017
6.6849999	0.88959163
6.6900001	0.8829726
6.6950002	0.87633324
6.6999998	0.86939836
6.7049999	0.86098897
6.71	0.85255212
6.7150002	0.84408784
6.7199998	0.83559752
6.7249999	0.82708132
6.73	0.81854039
6.7350001	0.80997336
6.7399998	0.80137986
6.7449999	0.79276091
6.75	0.78411597
6.7550001	0.77766693
6.7600002	0.77458334
6.7649999	0.77149421
6.77	0.76839399
6.7750001	0.76528293
6.7800002	0.76216173
6.7849998	0.75902832
6.79	0.75588375
6.7950001	0.75272858
6.8000002	0.74956226
6.8049998	0.7463851
6.8099999	0.7447865
6.8150001	0.74409646
6.8200002	0.74340367
6.8249998	0.74270678
6.8299999	0.74200606
6.835	0.74130076
6.8400002	0.74059105
6.8449998	0.73987716
6.8499999	0.73915905
6.855	0.73843628
6.8600001	0.73770928
6.8649998	0.74010837
6.8699999	0.74296433
6.875	0.7458266
6.8800001	0.74869418
6.8850002	0.75156695
6.8899999	0.75444508
6.895	0.75732857
6.9000001	0.76021725
6.9050002	0.76311123
6.9099998	0.7660107
6.915	0.76813114
6.9200001	0.76423579
6.9250002	0.76031762
6.9299998	0.75638664
6.9349999	0.752442
6.9400001	0.74848521
6.9450002	0.74451458
6.9499998	0.74053144
6.9549999	0.73653603
6.96	0.73252726
6.9650002	0.72850567
6.9699998	0.72457248
6.9749999	0.72080803
6.98	0.71703184
6.9850001	0.71324396
6.9899998	0.70944303
6.9949999	0.70562989
7	0.70180404
7.0050001	0.69796538
7.0100002	0.6941148
7.0149999	0.69025159
7.02	0.68637615
7.0250001	0.68235624
7.0300002	0.67823482
7.0349998	0.67410034
7.04	0.66995335
7.0450001	0.66579324
7.0500002	0.66162008
7.0549998	0.65743369
7.0599999	0.653234
7.0650001	0.64902115
7.0700002	0.64479458
7.0749998	0.64055514
7.0799999	0.63703287
7.085	0.63363636
7.0900002	0.63022912
7.0949998	0.62681091
7.0999999	0.62338167
7.105	0.61994141
7.1100001	0.61649042
7.1149998	0.61302894
7.1199999	0.60955554
7.125	0.60607123
7.1300001	0.60273319
7.1350002	0.6010012
7.1399999	0.59926492
7.145	0.59752238
7.1500001	0.59577322
7.1550002	0.59401768
7.1599998	0.59225583
7.165	0.5904873
7.1700001	0.58871198
7.1750002	0.58693022
7.1799998	0.58514225
7.1849999	0.58424366
7.1900001	0.58512449
7.1950002	0.5860092
7.1999998	0.58689427
7.2049999	0.58777952
7.21	0.58866554
7.2150002	0.58955145
7.2199998	0.59043795
7.2249999	0.59132481
7.23	0.59221196
7.2350001	0.59309947
7.2399998	0.59400499
7.2449999	0.59492391
7.25	0.59584308
7.2550001	0.59676236
7.2600002	0.59768254
7.2649999	0.59860325
7.27	0.59952414
7.2750001	0.60044521
7.2800002	0.60136694
7.2849998	0.60228896
7.29	0.60321188
7.2950001	0.60610336
7.3000002	0.60940731
7.3049998	0.61271888
7.3099999	0.61603677
7.3150001	0.61936128
7.3200002	0.62269223
7.3249998	0.62602967
7.3299999	0.62937397
7.335	0.63272434
7.3400002	0.63608158
7.3449998	0.63963902
7.3499999	0.64546299
7.355	0.65130556
7.3600001	0.657161
7.3649998	0.66302913
7.3699999	0.66891015
7.375	0.67480397
7.3800001	0.68071073
7.3850002	0.68663025
7.3899999	0.69256258
7.395	0.69850779
7.4000001	0.7038123
7.4050002	0.70779735
7.4099998	0.7117871
7.415	0.71578473
7.4200001	0.71979058
7.4250002	0.72380418
7.4299998	0.72782701
7.4349999	0.73185718
7.4400001	0.73589492
7.4450002	0.73994082
7.4499998	0.74399495
7.4549999	0.74633199
7.46	0.74742615
7.4650002	0.74851787
7.4699998	0.74961007
7.4749999	0.75070274
7.48	0.75179613
7.4850001	0.75288963
7.4899998	0.75398397
7.4949999	0.75507861
7.5	0.75617403
7.5050001	0.75726956
7.5100002	0.75961649
7.5149999	0.76221943
7.52	0.76482689
7.5250001	0.76743877
7.5300002	0.77005488
7.5349998	0.77267516
7.54	0.77529985
7.5450001	0.77792859
7.5500002	0.78056151
7.5549998	0.7831986
7.5599999	0.78596312
7.5650001	0.79001188
7.5700002	0.79407197
7.5749998	0.79813981
7.5799999	0.8022154
7.585	0.80629867
7.5900002	0.81038946
7.5949998	0.81448853
7.5999999	0.81859541
7.605	0.82270962
7.6100001	0.82683176
7.6149998	0.8318181
7.6199999	0.83845824
7.625	0.84511596
7.6300001	0.85178763
7.6350002	0.85847312
7.6399999	0.86517346
7.645	0.87188858
7.6500001	0.87861794
7.6550002	0.88536102
7.6599998	0.89211875
7.665	0.89889002
7.6700001	0.90620297
7.6750002	0.91388571
7.6799998	0.92158574
7.6849999	0.92930216
7.6900001	0.93703437
7.6950002	0.94478327
7.6999998	0.95254928
7.7049999	0.96033108
7.71	0.96812862
7.7150002	0.97594494
7.7199998	0.98377681
7.7249999	0.98805773
7.73	0.99173892
7.7350001	0.99542385
7.7399998	0.99911547
7.7449999	1.0028136
7.75	1.0065176
7.7550001	1.010228
7.7600002	1.0139449
7.7649999	1.0176675
7.77	1.0213966
7.7750001	1.0250819
7.7800002	1.0283823
7.7849998	1.0316875
7.79	1.0349984
7.7950001	1.0383139
7.8000002	1.0416349
7.8049998	1.0449612
7.8099999	1.048293
7.8150001	1.0516294
7.8200002	1.0549712
7.8249998	1.0583186
7.8299999	1.0625268
7.835	1.0681744
7.8400002	1.0738364
7.8449998	1.0795094
7.8499999	1.085193
7.855	1.090888
7.8600001	1.0965943
7.8649998	1.1023115
7.8699999	1.1080397
7.875	1.1137784
7.8800001	1.1195282
7.8850002	1.1245389
7.8899999	1.1291257
7.895	1.1337193
7.9000001	1.1383212
7.9050002	1.1429313
7.9099998	1.1475495
7.915	1.1521752
7.9200001	1.1568096
7.9250002	1.1614521
7.9299998	1.1661023
7.9349999	1.1707615
7.9400001	1.1732364
7.9450002	1.1754576
7.9499998	1.1776804
7.9549999	1.1799055
7.96	1.1821325
7.9650002	1.1843618
7.9699998	1.1865933
7.9749999	1.1888274
7.98	1.1910638
7.9850001	1.1933018
7.9899998	1.1954339
7.9949999	1.1969997
8	1.1985646
8.0050001	1.2001303
8.0100002	1.2016963
8.0150003	1.2032634
8.0200005	1.2048306
8.0249996	1.2063985
8.0299997	1.207967
8.0349998	1.2095363
8.04	1.2111063
8.0450001	1.2138439
8.0500002	1.2181662
8.0550003	1.2225001
8.0600004	1.2268409
8.0649996	1.2311891
8.0699997	1.2355442
8.0749998	1.2399067
8.0799999	1.2442772
8.085	1.248654
8.0900002	1.2530384
8.0950003	1.2574301
8.1000004	1.2592397
8.1049995	1.2598836
8.1099997	1.260523
8.1149998	1.2611604
8.1199999	1.2617956
8.125	1.2624297
8.1300001	1.2630621
8.1350002	1.2636923
8.1400003	1.2643217
8.1450005	1.2649482
8.1499996	1.2655737
8.1549997	1.2653975
8.1599998	1.2651815
8.165	1.2649608
8.1700001	1.2647359
8.1750002	1.2645075
8.1800003	1.2642758
8.1850004	1.2640402
8.1899996	1.2638009
8.1949997	1.2635577
8.1999998	1.2633102
8.2049999	1.2627287
8.21	1.2610108
8.2150002	1.2592827
8.2200003	1.2575457
8.2250004	1.2558026
8.2299995	1.2540512
8.2349997	1.2522922
8.2399998	1.2505267
8.2449999	1.2487538
8.25	1.2469736
8.2550001	1.2451855
8.2600002	1.2421199
8.2650003	1.2377466
8.2700005	1.2333555
8.2749996	1.2289518
8.2799997	1.2245336
8.2849998	1.2201017
8.29	1.2156577
8.2950001	1.2112007
8.3000002	1.2067277
8.3050003	1.2022417
8.3100004	1.1977428
8.3149996	1.1947931
8.3199997	1.1923149
8.3249998	1.1898298
8.3299999	1.187336
8.335	1.184833
8.3400002	1.1823214
8.3450003	1.1798012
8.3500004	1.1772721
8.3549995	1.174734
8.3599997	1.1721867
8.3649998	1.1697305
8.3699999	1.1698017
8.375	1.169876
8.3800001	1.1699483
8.3850002	1.1700172
8.3900003	1.1700838
8.3950005	1.1701473
8.3999996	1.1702079
8.4049997	1.1702654
8.4099998	1.1703203
8.415	1.1703725
8.4200001	1.1708891
8.4250002	1.1724404
8.4300003	1.1739956
8.4350004	1.1755515
8.4399996	1.1771075
8.4449997	1.1786648
8.4499998	1.1802218
8.4549999	1.1817794
8.46	1.1833378
8.4650002	1.1848962
8.4700003	1.1864557
8.4750004	1.1879287
8.4799995	1.1893396
8.4849997	1.1907504
8.4899998	1.192161
8.4949999	1.193572
8.5	1.194983
8.5050001	1.1963941
8.5100002	1.1978055
8.5150003	1.1992176
8.5200005	1.200629
8.5249996	1.2020408
8.5299997	1.2039323
8.5349998	1.2059025
8.54	1.2078747
8.5450001	1.209848
8.5500002	1.2118226
8.5550003	1.213799
8.5600004	1.2157768
8.5649996	1.2177558
8.5699997	1.2197361
8.5749998	1.221718
8.5799999	1.223349
8.585	1.2227955
8.5900002	1.2222297
8.5950003	1.2216603
8.6000004	1.221086
8.6049995	1.2205067
8.6099997	1.2199235
8.6149998	1.2193356
8.6199999	1.2187432
8.625	1.2181467
8.6300001	1.217546
8.6350002	1.21659
8.6400003	1.2151378
8.6450005	1.2136775
8.6499996	1.2122114
8.6549997	1.2107381
8.6599998	1.2092588
8.665	1.2077726
8.6700001	1.2062805
8.6750002	1.2047807
8.6800003	1.2032758
8.6850004	1.2017632
8.6899996	1.2030058
8.6949997	1.2054564
8.6999998	1.207914
8.7049999	1.210374
8.71	1.2128364
8.7150002	1.2153016
8.7200003	1.2177689
8.7250004	1.2202384
8.7299995	1.2227106
8.7349997	1.2251854
8.7399998	1.2276624
8.7449999	1.2283093
8.75	1.2289073
8.7550001	1.2295036
8.7600002	1.2300973
8.7650003	1.2306893
8.7700005	1.2312799
8.7749996	1.2318685
8.7799997	1.2324554
8.7849998	1.2330407
8.79	1.2308582
8.7950001	1.2250217
8.8000002	1.2246287
8.8050003	1.2242271
8.8100004	1.2238206
8.8149996	1.2234094
8.8199997	1.2229925
8.8249998	1.222571
8.8299999	1.2221441
8.835	1.2217128
8.8400002	1.2212763
8.8450003	1.2208345
8.8500004	1.2216325
8.8549995	1.2234753
8.8599997	1.2253221
8.8649998	1.2271693
8.8699999	1.2290164
8.875	1.2308633
8.8800001	1.2327108
8.8850002	1.2345577
8.8900003	1.2364056
8.8950005	1.2382534
8.8999996	1.2401004
8.9049997	1.2403617
8.9099998	1.2402884
8.915	1.2402095
8.9200001	1.2401271
8.9250002	1.2400408
8.9300003	1.2399504
8.9350004	1.2398566
8.9399996	1.2397591
8.9449997	1.239657
8.9499998	1.239552
8.9549999	1.2390001
8.96	1.2350531
8.9650002	1.2310867
8.9700003	1.2271073
8.9750004	1.2231176
8.9799995	1.2191149
8.9849997	1.2151005
8.9899998	1.2110747
8.9949999	1.2070369
9	1.2029868
9.0050001	1.198925
9.0100002	1.1959403
9.0150003	1.1945592
9.0200005	1.1931759
9.0249996	1.191787
9.0299997	1.1903924
9.0349998	1.1889912
9.04	1.1875842
9.0450001	1.1861703
9.0500002	1.1847512
9.0550003	1.1833254
9.0600004	1.1818931
9.0649996	1.1812186
9.0699997	1.1808803
9.0749998	1.1805396
9.0799999	1.1801952
9.085	1.1798465
9.0900002	1.1794941
9.0950003	1.1791381
9.1000004	1.1787784
9.1049995	1.1784158
9.1099997	1.1780477
9.1149998	1.1776769
9.1199999	1.1736823
9.125	1.1696057
9.1300001	1.1655157
9.1350002	1.1614139
9.1400003	1.1573001
9.1450005	1.153175
9.1499996	1.1490375
9.1549997	1.1448885
9.1599998	1.1407282
9.165	1.1376337
9.1700001	1.1353509
9.1750002	1.1298429
9.1800003	1.1243166
9.1850004	1.1187769
9.1899996	1.1132218
9.1949997	1.1076504
9.1999998	1.102065
9.2049999	1.0964638
9.21	1.0908481
9.2150002	1.0852188
9.2200003	1.079574
9.2250004	1.075991
9.2299995	1.0739796
9.2349997	1.0719651
9.2399998	1.0699438
9.2449999	1.067915
9.25	1.0658793
9.2550001	1.0638365
9.2600002	1.0617859
9.2650003	1.0597285
9.2700005	1.0576642
9.2749996	1.0555919
9.2799997	1.0520958
9.2849998	1.0483623
9.29	1.044618
9.2950001	1.0408633
9.3000002	1.0370971
9.3050003	1.0333201
9.3100004	1.0295329
9.3149996	1.0257349
9.3199997	1.0219262
9.3249998	1.0181059
9.3299999	1.0147755
9.335	1.0140779
9.3400002	1.0133814
9.3450003	1.0126799
9.3500004	1.0119754
9.3549995	1.011266
9.3599997	1.0105523
9.3649998	1.0098348
9.3699999	1.0091133
9.375	1.0083872
9.3800001	1.0076567
9.3850002	1.0059955
9.3900003	1.003224
9.3950005	1.0004418
9.3999996	0.99765104
9.4049997	0.99485177
9.4099998	0.99204439
9.415	0.98922795
9.4200001	0.9864018
9.4250002	0.9835676
9.4300003	0.98072511
9.4350004	0.97787356
9.4399996	0.97446823
9.4449997	0.97087568
9.4499998	0.96727198
9.4549999	0.96365792
9.46	0.96003431
9.4650002	0.95640039
9.4700003	0.95275569
9.4750004	0.94910145
9.4799995	0.9454363
9.4849997	0.94176149
9.4899998	0.93814743
9.4949999	0.93572336
9.5	0.93329406
9.5050001	0.93085712
9.5100002	0.92841244
9.5150003	0.92596018
9.5200005	0.92349952
9.5249996	0.92103177
9.5299997	0.91855669
9.5349998	0.9160738
9.54	0.91358286
9.5450001	0.91194338
9.5500002	0.91184092
9.5550003	0.91173923
9.5600004	0.91163486
9.5649996	0.91152751
9.5699997	0.91141772
9.5749998	0.91130412
9.5799999	0.91118872
9.585	0.91107011
9.5900002	0.91094875
9.5950003	0.91082484
9.6000004	0.90952659
9.6049995	0.90762186
9.6099997	0.90570933
9.6149998	0.90379012
9.6199999	0.90186423
9.625	0.89993179
9.6300001	0.89799368
9.6350002	0.89604843
9.6400003	0.89409649
9.6450005	0.892138
9.6499996	0.89017284
9.6549997	0.88677657
9.6599998	0.88331753
9.665	0.87984794
9.6700001	0.87636882
9.6750002	0.87288064
9.6800003	0.86938274
9.6850004	0.86587501
9.6899996	0.86235797
9.6949997	0.85883117
9.6999998	0.85529411
9.7049999	0.85307688
9.71	0.85440588
9.7150002	0.85574412
9.7200003	0.8570832
9.7250004	0.85842186
9.7299995	0.85976148
9.7349997	0.86110067
9.7399998	0.86244094
9.7449999	0.86378121
9.75	0.86512142
9.7550001	0.86646223
9.7600002	0.866449
9.7650003	0.86545092
9.7700005	0.86444557
9.7749996	0.86343545
9.7799997	0.86242121
9.7849998	0.86140221
9.79	0.8603791
9.7950001	0.85935056
9.8000002	0.85831785
9.8050003	0.85728109
9.8100004	0.85623914
9.8149996	0.85858721
9.8199997	0.86136687
9.8249998	0.86415213
9.8299999	0.86694038
9.835	0.86973166
9.8400002	0.87252623
9.8450003	0.87532425
9.8500004	0.87812561
9.8549995	0.88093007
9.8599997	0.88373739
9.8649998	0.8856588
9.8699999	0.8840279
9.875	0.88238209
9.8800001	0.88072991
9.8850002	0.87907112
9.8900003	0.87740731
9.8950005	0.87573767
9.8999996	0.87406188
9.9049997	0.8723799
9.9099998	0.87069207
9.915	0.86899853
9.9200001	0.86827862
9.9250002	0.86848891
9.9300003	0.86869955
9.9350004	0.86890805
9.9399996	0.8691144
9.9449997	0.86931968
9.9499998	0.86952186
9.9549999	0.86972231
9.96	0.86992067
9.9650002	0.87011707
9.9700003	0.87031126
9.9750004	0.87030393
9.9799995	0.87025249
9.9849997	0.87019771
9.9899998	0.87014055
9.9949999	0.87008059
10	0.87001818
10.005	0.86995345
10.01	0.86988592
10.015	0.86981612
10.02	0.86974275
10.025	0.86991704
10.03	0.87160051
10.035	0.87328923
10.04	0.87498009
10.045	0.87667042
10.05	0.878362
10.055	0.88005459
10.06	0.88174832
10.065	0.88344318
10.07	0.88513899
10.075	0.88683534
10.08	0.88837838
10.085	0.88973957
10.09	0.8911007
10.095	0.89246196
10.1	0.89382356
10.105	0.89518529
10.11	0.8965472
10.115	0.89790893
10.12	0.89927173
10.125	0.90063429
10.13	0.90199637
10.135	0.90397871
10.14	0.90614265
10.145	0.9083088
10.15	0.9104768
10.155	0.91264653
10.16	0.91481781
10.165	0.91699123
10.17	0.91916662
10.175	0.92134345
10.18	0.92352176
10.185	0.92527926
10.19	0.92306775
10.195	0.92083627
10.2	0.91859889
10.205	0.91635424
10.21	0.91410261
10.215	0.91184425
10.22	0.90957814
10.225	0.90730566
10.23	0.90502608
10.235	0.90273964
10.24	0.90059084
10.245	0.89863658
10.25	0.8966769
10.255	0.89471084
10.26	0.89273864
10.265	0.89075971
10.27	0.88877517
10.275	0.88678259
10.28	0.88478452
10.285	0.88278013
10.29	0.88076895
10.295	0.88206357
10.3	0.88452613
10.305	0.88699573
10.31	0.88946778
10.315	0.89194179
10.32	0.8944183
10.325	0.89689726
10.33	0.89937866
10.335	0.90186238
10.34	0.90434831
10.345	0.90664399
10.35	0.9061774
10.355	0.90569824
10.36	0.9052155
10.365	0.90472949
10.37	0.90423959
10.375	0.90374726
10.38	0.90325058
10.385	0.90275073
10.39	0.90224797
10.395	0.9017415
10.4	0.90115887
10.405	0.90045935
10.41	0.89975536
10.415	0.89904791
10.42	0.89833617
10.425	0.89762163
10.43	0.89690274
10.435	0.89617974
10.44	0.89545256
10.445	0.89472198
10.45	0.89398748
10.455	0.89389765
10.46	0.89406037
10.465	0.89422214
10.47	0.894382
10.475	0.89453977
10.48	0.89469481
10.485	0.89484733
10.49	0.89499867
10.495	0.89514744
10.5	0.89529401
10.505	0.89534187
10.51	0.89347482
10.515	0.89159596
10.52	0.88970971
10.525	0.88781852
10.53	0.88592106
10.535	0.88401735
10.54	0.88210791
10.545	0.88019162
10.55	0.87826937
10.555	0.87634194
10.56	0.8749221
10.565	0.87433994
10.57	0.87375802
10.575	0.87317252
10.58	0.87258297
10.585	0.87199104
10.59	0.87139428
10.595	0.87079465
10.6	0.8701908
10.605	0.86958408
10.61	0.86897296
10.615	0.86735475
10.62	0.86532128
10.625	0.86327946
10.63	0.86123145
10.635	0.85917735
10.64	0.8571173
10.645	0.85505086
10.65	0.85297757
10.655	0.8508985
10.66	0.84881347
10.665	0.84679937
10.67	0.84639692
10.675	0.84599662
10.68	0.84559333
10.685	0.84518689
10.69	0.84477758
10.695	0.84436488
10.7	0.84394896
10.705	0.84353012
10.71	0.84310818
10.715	0.84268039
10.72	0.84306598
10.725	0.84477985
10.73	0.84649497
10.735	0.84821081
10.74	0.8499282
10.745	0.85164583
10.75	0.85336483
10.755	0.8550846
10.76	0.85680467
10.765	0.85852623
10.77	0.8602488
10.775	0.86103243
10.78	0.86144674
10.785	0.86185873
10.79	0.86226892
10.795	0.86267751
10.8	0.86308444
10.805	0.86348957
10.81	0.86389363
10.815	0.86429638
10.82	0.86469722
10.825	0.86508727
10.83	0.86532336
10.835	0.86555636
10.84	0.86578822
10.845	0.86601841
10.85	0.86624658
10.855	0.86647266
10.86	0.86669731
10.865	0.86691982
10.87	0.86714011
10.875	0.86735862
10.88	0.86704844
10.885	0.86593884
10.89	0.86482269
10.895	0.86370194
10.9	0.86257732
10.905	0.86144787
10.91	0.86031407
10.915	0.85917521
10.92	0.85803276
10.925	0.85688555
10.93	0.85573316
10.935	0.85626692
10.94	0.85739267
10.945	0.85851943
10.95	0.85964614
10.955	0.86077291
10.96	0.8618992
10.965	0.86302531
10.97	0.8641516
10.975	0.86527711
10.98	0.86640275
10.985	0.86729455
10.99	0.8656652
10.995	0.86402559
11	0.86237931
11.005	0.86072773
11.01	0.85907191
11.015	0.85741019
11.02	0.85574299
11.025	0.85407102
11.03	0.85239369
11.035	0.85071045
11.04	0.84978384
11.045	0.84986275
11.05	0.84994167
11.055	0.85001886
11.06	0.8500936
11.065	0.85016632
11.07	0.85023749
11.075	0.85030556
11.08	0.850371
11.085	0.85043579
11.09	0.85049778
11.095	0.84942037
11.1	0.84801185
11.105	0.84659737
11.11	0.84517801
11.115	0.84375387
11.12	0.84232497
11.125	0.84089106
11.13	0.83945185
11.135	0.83800852
11.14	0.83655947
11.145	0.83550102
11.15	0.83715832
11.155	0.83882141
11.16	0.84048659
11.165	0.84215188
11.17	0.84381777
11.175	0.84548521
11.18	0.84715372
11.185	0.848822
11.19	0.85049152
11.195	0.85216224
11.2	0.85297495
11.205	0.85284656
11.21	0.8527137
11.215	0.85257816
11.22	0.85244054
11.225	0.85230076
11.23	0.85215759
11.235	0.8520118
11.24	0.85186452
11.245	0.8517136
11.25	0.85156149
11.255	0.85257566
11.26	0.85383147
11.265	0.855088
11.27	0.8563447
11.275	0.85760224
11.28	0.8588596
11.285	0.86011618
11.29	0.86137325
11.295	0.86263072
11.3	0.86388725
11.305	0.86501634
11.31	0.86557382
11.315	0.86612976
11.32	0.86668348
11.325	0.86723691
11.33	0.86778754
11.335	0.86833757
11.34	0.86888731
11.345	0.86943543
11.35	0.86998212
11.355	0.87052774
11.36	0.87084568
11.365	0.87096804
11.37	0.87108797
11.375	0.8712061
11.38	0.8713218
11.385	0.8714357
11.39	0.87154841
11.395	0.87165827
11.4	0.87176627
11.405	0.87187207
11.41	0.87197667
11.415	0.87097842
11.42	0.86984944
11.425	0.86871481
11.43	0.86757606
11.435	0.86643326
11.44	0.86528605
11.445	0.86413497
11.45	0.86297989
11.455	0.8618201
11.46	0.86065578
11.465	0.85952985
11.47	0.85852259
11.475	0.85751075
11.48	0.8564952
11.485	0.85547549
11.49	0.85445178
11.495	0.85342491
11.5	0.85239339
11.505	0.85135758
11.51	0.85031867
11.515	0.84927487
11.52	0.84937936
11.525	0.85019583
11.53	0.85101372
11.535	0.85183179
11.54	0.8526485
11.545	0.85346377
11.55	0.8542794
11.555	0.85509467
11.56	0.85590863
11.565	0.85672176
11.57	0.85753423
11.575	0.86016864
11.58	0.8628459
11.585	0.86552638
11.59	0.86820918
11.595	0.87089461
11.6	0.87358201
11.605	0.8762725
11.61	0.87896568
11.615	0.8816613
11.62	0.88435984
11.625	0.88637972
11.63	0.8871085
11.635	0.88783246
11.64	0.88855535
11.645	0.88927734
11.65	0.88999933
11.655	0.89071989
11.66	0.89143866
11.665	0.89215744
11.67	0.89287531
11.675	0.89359277
11.68	0.89598423
11.685	0.89906031
11.69	0.90214175
11.695	0.90522641
11.7	0.90831482
11.705	0.91140699
11.71	0.91450214
11.715	0.91760015
11.72	0.92070091
11.725	0.92380685
11.73	0.92665023
11.735	0.92646056
11.74	0.9262585
11.745	0.9260534
11.75	0.92584729
11.755	0.9256376
11.76	0.92542565
11.765	0.92521131
11.77	0.92499459
11.775	0.92477506
11.78	0.92455304
11.785	0.92616856
11.79	0.93003935
11.795	0.93392169
11.8	0.93780869
11.805	0.94170022
11.81	0.94559646
11.815	0.94949728
11.82	0.95340198
11.825	0.95731294
11.83	0.96122789
11.835	0.96514815
11.84	0.96816444
11.845	0.97098351
11.85	0.97380382
11.855	0.97662747
11.86	0.97945452
11.865	0.98228443
11.87	0.98511684
11.875	0.98795134
11.88	0.99078918
11.885	0.99363095
11.89	0.9970538
11.895	1.0028753
11.9	1.0087141
11.905	1.014559
11.91	1.0204127
11.915	1.0262743
11.92	1.0321453
11.925	1.0380226
11.93	1.0439078
11.935	1.0498017
11.94	1.0557036
11.945	1.0585848
11.95	1.0591797
11.955	1.0597662
11.96	1.0603521
11.965	1.0609362
11.97	1.0615189
11.975	1.0621003
11.98	1.062681
11.985	1.0632604
11.99	1.0638381
11.995	1.0644152
12	1.0651834
12.005	1.0659612
12.01	1.0667379
12.015	1.0675138
12.02	1.0682896
12.025	1.0690645
12.03	1.0698382
12.035	1.070611
12.04	1.0713834
12.045	1.0721548
12.05	1.0746667
12.055	1.0807766
12.06	1.0869073
12.065	1.0930454
12.07	1.0991911
12.075	1.1053476
12.08	1.1115108
12.085	1.1176839
12.09	1.1238635
12.095	1.1300519
12.1	1.1362489
12.105	1.1388096
12.11	1.1398544
12.115	1.1408933
12.12	1.1419318
12.125	1.1429689
12.13	1.1440055
12.135	1.1450422
12.14	1.1460787
12.145	1.1471143
12.15	1.1481497
12.155	1.1496872
12.16	1.1563073
12.165	1.1629533
12.17	1.1696086
12.175	1.1762726
12.18	1.182947
12.185	1.1896294
12.19	1.1963207
12.195	1.2030213
12.2	1.2097311
12.205	1.2164503
12.21	1.2193838
12.215	1.2181075
12.22	1.2168119
12.225	1.2155129
12.23	1.214209
12.235	1.2129
12.24	1.2115875
12.245	1.2102702
12.25	1.2089478
12.255	1.2076226
12.26	1.2062907
12.265	1.2078342
12.27	1.2098515
12.275	1.2118725
12.28	1.2138937
12.285	1.215917
12.29	1.2179415
12.295	1.2199665
12.3	1.2219931
12.305	1.2240212
12.31	1.22605
12.315	1.2280135
12.32	1.2297753
12.325	1.2315364
12.33	1.2332979
12.335	1.2350612
12.34	1.2368245
12.345	1.2385894
12.35	1.2403557
12.355	1.242121
12.36	1.2438884
12.365	1.2456561
12.37	1.2474316
12.375	1.2492132
12.38	1.2509953
12.385	1.2527772
12.39	1.2545608
12.395	1.2563455
12.4	1.2581301
12.405	1.2599157
12.41	1.2617028
12.415	1.2634904
12.42	1.2652694
12.425	1.2667596
12.43	1.2682494
12.435	1.2697399
12.44	1.2712309
12.445	1.2727226
12.45	1.2742134
12.455	1.2757052
12.46	1.2771977
12.465	1.2786896
12.47	1.2801815
12.475	1.2803854
12.48	1.2788402
12.485	1.277283
12.49	1.275721
12.495	1.2741535
12.5	1.2725822
12.505	1.2710065
12.51	1.2694252
12.515	1.2678398
12.52	1.2662493
12.525	1.2646536
12.53	1.2642798
12.535	1.2641752
12.54	1.2640687
12.545	1.2639601
12.55	1.2638496
12.555	1.2637367
12.56	1.2636217
12.565	1.2635044
12.57	1.2633845
12.575	1.2632629
12.58	1.2630838
12.585	1.262707
12.59	1.2623261
12.595	1.261942
12.6	1.2615551
12.605	1.2611667
12.61	1.2607754
12.615	1.2603797
12.62	1.2599833
12.625	1.2595829
12.63	1.2591803
12.635	1.258691
12.64	1.258146
12.645	1.257598
12.65	1.2570477
12.655	1.2564943
12.66	1.2559373
12.665	1.2553775
12.67	1.2548145
12.675	1.2542495
12.68	1.2536812
12.685	1.2531325
12.69	1.2536644
12.695	1.2541986
12.7	1.2547319
12.705	1.2552654
12.71	1.2557956
12.715	1.2563266
12.72	1.2568558
12.725	1.2573836
12.73	1.2579103
12.735	1.2584357
12.74	1.257457
12.745	1.2544218
12.75	1.2513707
12.755	1.2483128
12.76	1.2452483
12.765	1.2421761
12.77	1.2390984
12.775	1.2360126
12.78	1.2329201
12.785	1.2298194
12.79	1.2267123
12.795	1.2254132
12.8	1.2244917
12.805	1.2235684
12.81	1.2226417
12.815	1.2217112
12.82	1.2207772
12.825	1.2198405
12.83	1.2189
12.835	1.2179556
12.84	1.2170085
12.845	1.2158391
12.85	1.2139635
12.855	1.2120811
12.86	1.2101915
12.865	1.2082984
12.87	1.2063992
12.875	1.2044957
12.88	1.2025869
12.885	1.2006739
12.89	1.1987556
12.895	1.1968321
12.9	1.1947074
12.905	1.1924684
12.91	1.1902233
12.915	1.1879723
12.92	1.185716
12.925	1.1834548
12.93	1.1811873
12.935	1.1789153
12.94	1.1766373
12.945	1.1743531
12.95	1.1719292
12.955	1.1672539
12.96	1.162559
12.965	1.1578552
12.97	1.1531429
12.975	1.1484196
12.98	1.1436871
12.985	1.1389459
12.99	1.134195
12.995	1.1294349
13	1.1246659
13.005	1.1212716
13.01	1.1194364
13.015	1.1176035
13.02	1.1157663
13.025	1.1139238
13.03	1.1120769
13.035	1.1102252
13.04	1.1083696
13.045	1.1065081
13.05	1.1046426
13.055	1.1143367
13.06	1.1138769
13.065	1.112003
13.07	1.1101242
13.075	1.108241
13.08	1.1063535
13.085	1.1044614
13.09	1.1025645
13.095	1.1006626
13.1	1.0987567
13.105	1.096846
13.11	1.0944602
13.115	1.0909842
13.12	1.0874979
13.125	1.0840034
13.13	1.0805011
13.135	1.0769925
13.14	1.0734752
13.145	1.0699501
13.15	1.0664171
13.155	1.0628778
13.16	1.0593305
13.165	1.057271
13.17	1.0557872
13.175	1.0543007
13.18	1.0528108
13.185	1.0513169
13.19	1.0498184
13.195	1.0483164
13.2	1.0468105
13.205	1.0453007
13.21	1.0437869
13.215	1.0423247
13.22	1.0411944
13.225	1.0400617
13.23	1.0389242
13.235	1.0377831
13.24	1.0366379
13.245	1.0354887
13.25	1.0343367
13.255	1.033181
13.26	1.0320208
13.265	1.0308564
13.27	1.0285454
13.275	1.0253481
13.28	1.0221395
13.285	1.018924
13.29	1.0157005
13.295	1.01247
13.3	1.0092322
13.305	1.0059869
13.31	1.0027342
13.315	0.999475
13.32	0.99620765
13.325	0.99519432
13.33	0.99420679
13.335	0.99321568
13.34	0.99221903
13.345	0.99121767
13.35	0.99021232
13.355	0.9892019
13.36	0.98818725
13.365	0.98716789
13.37	0.98614371
13.375	0.98456901
13.38	0.9822284
13.385	0.97987825
13.39	0.97752213
13.395	0.97515982
13.4	0.9727934
13.405	0.97042
13.41	0.9680416
13.415	0.96565783
13.42	0.96326762
13.425	0.95603997
13.43	0.95551258
13.435	0.95628333
13.44	0.95705462
13.445	0.9578256
13.45	0.95859677
13.455	0.95936799
13.46	0.96013904
13.465	0.96090966
13.47	0.96168
13.475	0.96245027
13.48	0.96287036
13.485	0.96238494
13.49	0.96189523
13.495	0.96140295
13.5	0.96090716
13.505	0.96041149
13.51	0.9599123
13.515	0.95941103
13.52	0.95890892
13.525	0.95840359
13.53	0.95789665
13.535	0.95448816
13.54	0.94989723
13.545	0.94529414
13.55	0.94068229
13.555	0.93606228
13.56	0.93143386
13.565	0.92679685
13.57	0.92215151
13.575	0.9174974
13.58	0.91283542
13.585	0.90934581
13.59	0.91264623
13.595	0.91596931
13.6	0.91929483
13.605	0.92262632
13.61	0.92596203
13.615	0.92930055
13.62	0.93264312
13.625	0.93599004
13.63	0.93934107
13.635	0.94269526
13.64	0.9430688
13.645	0.94132304
13.65	0.93956697
13.655	0.9378072
13.66	0.93604296
13.665	0.93427485
13.67	0.93250364
13.675	0.93072814
13.68	0.92894834
13.685	0.92716408
13.69	0.92540836
13.695	0.92489028
13.7	0.92437512
13.705	0.92385554
13.71	0.92333448
13.715	0.92281175
13.72	0.92228723
13.725	0.92176038
13.73	0.92123175
13.735	0.92070138
13.74	0.92016882
13.745	0.9191004
13.75	0.91741866
13.755	0.91573095
13.76	0.91404003
13.765	0.91234559
13.77	0.91064739
13.775	0.90894538
13.78	0.90723914
13.785	0.90553004
13.79	0.90381676
13.795	0.9020986
13.8	0.90048897
13.805	0.89888787
13.81	0.897282
13.815	0.89567369
13.82	0.89406192
13.825	0.89244622
13.83	0.89082652
13.835	0.88920343
13.84	0.88757718
13.845	0.88594717
13.85	0.88495529
13.855	0.88511992
13.86	0.88528728
13.865	0.88545454
13.87	0.8856191
13.875	0.88578421
13.88	0.8859483
13.885	0.88611108
13.89	0.88627404
13.895	0.88643581
13.9	0.88659662
13.905	0.88732207
13.91	0.88818455
13.915	0.88904846
13.92	0.88991326
13.925	0.89077753
13.93	0.89164197
13.935	0.89250702
13.94	0.893372
13.945	0.89423716
13.95	0.89510316
13.955	0.89541471
13.96	0.8941021
13.965	0.89278084
13.97	0.89145768
13.975	0.89013004
13.98	0.88879991
13.985	0.88746768
13.99	0.88613111
13.995	0.88479209
14	0.88344902
14.005	0.88210434
14.01	0.88221085
14.015	0.88292325
14.02	0.88363844
14.025	0.8843531
14.03	0.885068
14.035	0.88578355
14.04	0.88649875
14.045	0.88721359
14.05	0.88792866
14.055	0.88864362
14.06	0.88875985
14.065	0.88576043
14.07	0.88274539
14.075	0.87972385
14.08	0.8766976
14.085	0.87366533
14.09	0.87062693
14.095	0.86758357
14.1	0.86453462
14.105	0.86148071
14.11	0.85842103
14.115	0.85913819
14.12	0.86220336
14.125	0.86528087
14.13	0.86836255
14.135	0.87144703
14.14	0.8745349
14.145	0.87762672
14.15	0.8807224
14.155	0.88382101
14.16	0.88692486
14.165	0.88963383
14.17	0.88755691
14.175	0.88545871
14.18	0.88335651
14.185	0.88125092
14.19	0.87914109
14.195	0.87702668
14.2	0.87490845
14.205	0.87278497
14.21	0.87065917
14.215	0.8685292
14.22	0.86828864
14.225	0.86968273
14.23	0.87108403
14.235	0.87248623
14.24	0.87388951
14.245	0.87529463
14.25	0.87670058
14.255	0.87810808
14.26	0.87951732
14.265	0.88092601
14.27	0.88233638
14.275	0.88221937
14.28	0.88209724
14.285	0.88197327
14.29	0.88184816
14.295	0.88172203
14.3	0.8815946
14.305	0.88146693
14.31	0.88133872
14.315	0.88120776
14.32	0.88107568
14.325	0.88003653
14.33	0.87795168
14.335	0.87585914
14.34	0.87376237
14.345	0.87166196
14.35	0.86955774
14.355	0.86744934
14.36	0.86533695
14.365	0.86321962
14.37	0.86109996
14.375	0.85897511
14.38	0.8601076
14.385	0.86148459
14.39	0.86286503
14.395	0.86424631
14.4	0.86562926
14.405	0.86701298
14.41	0.86839747
14.415	0.869784
14.42	0.87117165
14.425	0.87255991
14.43	0.87513477
14.435	0.87947351
14.44	0.8838231
14.445	0.88817906
14.45	0.8925398
14.455	0.89690644
14.46	0.90128082
14.465	0.90565753
14.47	0.91004109
14.475	0.9144311
14.48	0.91882575
14.485	0.91848987
14.49	0.91745639
14.495	0.9164167
14.5	0.91537488
14.505	0.91433042
14.51	0.91328353
14.515	0.91223472
14.52	0.91118383
14.525	0.9101305
14.53	0.9090746
14.535	0.90874088
14.54	0.90976453
14.545	0.91079468
14.55	0.91182506
14.555	0.91285586
14.56	0.91388816
14.565	0.9149214
14.57	0.91595501
14.575	0.91698879
14.58	0.91802281
14.585	0.9190582
14.59	0.91985732
14.595	0.92060465
14.6	0.92135197
14.605	0.92210007
14.61	0.9228484
14.615	0.92359674
14.62	0.92434555
14.625	0.92509466
14.63	0.92584372
14.635	0.9265933
14.64	0.927733
14.645	0.92977154
14.65	0.93181551
14.655	0.93386084
14.66	0.93591005
14.665	0.93796128
14.67	0.94001365
14.675	0.94206947
14.68	0.94412565
14.685	0.94618493
14.69	0.94824606
14.695	0.94610715
14.7	0.94278806
14.705	0.93945807
14.71	0.93612266
14.715	0.93278152
14.72	0.9294346
14.725	0.92608219
14.73	0.92272431
14.735	0.91936117
14.74	0.91599262
14.745	0.91493511
14.75	0.92027044
14.755	0.92563778
14.76	0.93101221
14.765	0.93639529
14.77	0.94178379
14.775	0.94717926
14.78	0.95258296
14.785	0.95799249
14.79	0.96341032
14.795	0.96883404
14.8	0.96865994
14.805	0.96661228
14.81	0.96455234
14.815	0.96248901
14.82	0.96042126
14.825	0.95834953
14.83	0.95627469
14.835	0.95419598
14.84	0.95211339
14.845	0.95002723
14.85	0.94823009
14.855	0.9473632
14.86	0.94649786
14.865	0.94563061
14.87	0.94476277
14.875	0.94389057
14.88	0.94301784
14.885	0.9421432
14.89	0.9412654
14.895	0.94038767
14.9	0.93950725
14.905	0.93860012
14.91	0.93768167
14.915	0.93676198
14.92	0.93584085
14.925	0.93491721
14.93	0.93399078
14.935	0.93306273
14.94	0.93213367
14.945	0.93120182
14.95	0.93026501
14.955	0.93000609
14.96	0.93217582
14.965	0.93435222
14.97	0.93652952
14.975	0.93871117
14.98	0.94089317
14.985	0.94307858
14.99	0.94526714
14.995	0.94745708
15	0.94964898
15.005	0.95184439
15.01	0.95270807
15.015	0.95303535
15.02	0.95336097
15.025	0.95368624
15.03	0.9540118
15.035	0.95433712
15.04	0.95466137
15.045	0.95498598
15.05	0.95531034
15.055	0.95563346
15.06	0.9564566
15.065	0.95914906
15.07	0.96185136
15.075	0.96455568
15.08	0.96726334
15.085	0.96997523
15.09	0.97268856
15.095	0.97540641
15.1	0.97812605
15.105	0.9808498
15.11	0.98357743
15.115	0.98514158
15.12	0.98622632
15.125	0.98731148
15.13	0.98839831
15.135	0.98948598
15.14	0.99057347
15.145	0.99166083
15.15	0.99275029
15.155	0.99384129
15.16	0.99493212
15.165	0.99473113
15.17	0.98968112
15.175	0.98460954
15.18	0.97953057
15.185	0.97444189
15.19	0.9693473
15.195	0.96424407
15.2	0.95913202
15.205	0.95401353
15.21	0.94888681
15.215	0.94375312
15.22	0.94453627
15.225	0.94771177
15.23	0.95089948
15.235	0.95408988
15.24	0.95728481
15.245	0.96048409
15.25	0.96368653
15.255	0.9668926
15.26	0.97010243
15.265	0.97331607
15.27	0.97561872
15.275	0.9746747
15.28	0.97371703
15.285	0.97275597
15.29	0.97179431
15.295	0.97083086
15.3	0.96986544
15.305	0.968898
15.31	0.96792924
15.315	0.96695614
15.32	0.96598226
15.325	0.96408731
15.33	0.96184152
15.335	0.95959038
15.34	0.95733666
15.345	0.95507878
15.35	0.95281661
15.355	0.95055068
15.36	0.94828135
15.365	0.9460085
15.37	0.94373041
15.375	0.94341618
15.38	0.94940716
15.385	0.95542538
15.39	0.96145123
15.395	0.96748525
15.4	0.9735266
15.405	0.97957599
15.41	0.98563337
15.415	0.99169773
15.42	0.99777138
15.425	1.0038514
15.43	1.0017234
15.435	0.99683851
15.44	0.99193561
15.445	0.98702645
15.45	0.98211002
15.455	0.97718501
15.46	0.97225285
15.465	0.96731412
15.47	0.96236742
15.475	0.95741284
15.48	0.95452255
15.485	0.95736247
15.49	0.96022266
15.495	0.96308732
15.5	0.96595454
15.505	0.96882594
15.51	0.97169983
15.515	0.97457707
15.52	0.9774577
15.525	0.98034292
15.53	0.98323131
15.535	0.98487961
15.54	0.98618263
15.545	0.98748541
15.55	0.98878872
15.555	0.99009269
15.56	0.99139899
15.565	0.99270701
15.57	0.99401581
15.575	0.99532557
15.58	0.99663579
15.585	0.99687731
15.59	0.99465126
15.595	0.99241418
15.6	0.99017203
15.605	0.9879266
15.61	0.98567754
15.615	0.98342448
15.62	0.98116761
15.625	0.97890711
15.63	0.97664291
15.635	0.97437507
15.64	0.97540706
15.645	0.97715032
15.65	0.97889894
15.655	0.98064983
15.66	0.98240197
15.665	0.98415554
15.67	0.98591095
15.675	0.98766893
15.68	0.98942846
15.685	0.99118918
15.69	0.99172336
15.695	0.9899646
15.7	0.9881953
15.705	0.98642385
15.71	0.98464781
15.715	0.98286927
15.72	0.98108816
15.725	0.97930402
15.73	0.97751659
15.735	0.97572732
15.74	0.9739328
15.745	0.97693306
15.75	0.98062807
15.755	0.98433125
15.76	0.9880392
15.765	0.99174953
15.77	0.99546498
15.775	0.99918699
15.78	1.0029122
15.785	1.0066413
15.79	1.0103757
15.795	1.0129079
15.8	1.0136698
15.805	1.014425
15.81	1.0151811
15.815	1.0159385
15.82	1.0166951
15.825	1.0174521
15.83	1.0182108
15.835	1.0189688
15.84	1.0197293
15.845	1.0204879
15.85	1.0182147
15.855	1.0157231
15.86	1.0132275
15.865	1.0107265
15.87	1.0082221
15.875	1.0057144
15.88	1.0032026
15.885	1.0006877
15.89	0.99816793
15.895	0.99564439
15.9	0.99506921
15.905	0.99668878
15.91	0.99831873
15.915	0.99995023
15.92	1.0015841
15.925	1.0032192
15.93	1.0048556
15.935	1.0064946
15.94	1.0081342
15.945	1.0097762
15.95	1.0114087
15.955	1.0116576
15.96	1.011903
15.965	1.0121466
15.97	1.0123916
15.975	1.0126351
15.98	1.0128782
15.985	1.0131216
15.99	1.0133647
15.995	1.0136082
16	1.0138502
16.004999	1.0150061
16.01	1.0169222
16.014999	1.018842
16.02	1.0207654
16.025	1.0226911
16.030001	1.0246176
16.035	1.0265466
16.040001	1.0284771
16.045	1.0304105
16.049999	1.0323449
16.055	1.0337305
16.059999	1.029405
16.065001	1.0250509
16.07	1.020691
16.075001	1.0163249
16.08	1.011952
16.084999	1.0075717
16.09	1.0031863
16.094999	0.99879253
16.1	0.99439353
16.105	0.98998964
16.110001	0.99014032
16.115	0.99296325
16.120001	0.99580079
16.125	0.99864155
16.129999	1.0014862
16.135	1.0043331
16.139999	1.0071834
16.145	1.0100385
16.15	1.012895
16.155001	1.0157557
16.16	1.0183879
16.165001	1.0199583
16.17	1.0215245
16.174999	1.0230932
16.18	1.0246631
16.184999	1.0262338
16.190001	1.0278081
16.195	1.0293809
16.200001	1.030957
16.205	1.0325354
16.209999	1.0341146
16.215	1.0345914
16.219999	1.0346496
16.225	1.034706
16.23	1.0347619
16.235001	1.0348165
16.24	1.0348717
16.245001	1.0349268
16.25	1.0349798
16.254999	1.035033
16.26	1.0350865
16.264999	1.0366864
16.27	1.0423057
16.275	1.0479486
16.280001	1.0535965
16.285	1.0592544
16.290001	1.0649158
16.295	1.0705887
16.299999	1.0762649
16.305	1.081949
16.309999	1.0876412
16.315001	1.0933399
16.32	1.0939851
16.325001	1.0935941
16.33	1.0931959
16.334999	1.092797
16.34	1.0923963
16.344999	1.0919957
16.35	1.0915936
16.355	1.09119
16.360001	1.090785
16.365	1.090378
16.370001	1.0895615
16.375	1.0880986
16.379999	1.0866312
16.385	1.0851586
16.389999	1.0836847
16.395	1.0822088
16.4	1.0807295
16.405001	1.0792497
16.41	1.0777657
16.415001	1.0762794
16.42	1.0747889
16.424999	1.0787151
16.43	1.0829719
16.434999	1.0872353
16.440001	1.0915042
16.445	1.095778
16.450001	1.1000566
16.455	1.1043391
16.459999	1.1086279
16.465	1.1129221
16.469999	1.117221
16.475	1.1168555
16.48	1.1119505
16.485001	1.1070186
16.49	1.1020799
16.495001	1.0971345
16.5	1.0921818
16.504999	1.0872234
16.51	1.0822561
16.514999	1.07728
16.52	1.0722992
16.525	1.0677971
16.530001	1.0696059
16.535	1.071444
16.540001	1.0732813
16.545	1.0751228
16.549999	1.0769639
16.555	1.0788083
16.559999	1.0806549
16.565001	1.082503
16.57	1.0843531
16.575001	1.0862036
16.58	1.0893779
16.584999	1.0933121
16.59	1.0972542
16.594999	1.1012009
16.6	1.1051528
16.605	1.1091084
16.610001	1.1130683
16.615	1.1170337
16.620001	1.121004
16.625	1.1249772
16.629999	1.1271845
16.635	1.1225863
16.639999	1.1179523
16.645	1.1133108
16.65	1.1086626
16.655001	1.104009
16.66	1.0993465
16.665001	1.0946792
16.67	1.0900042
16.674999	1.0853236
16.68	1.0806336
16.684999	1.0845124
16.690001	1.090878
16.695	1.0972627
16.700001	1.1036544
16.705	1.1100547
16.709999	1.1164645
16.715	1.1228809
16.719999	1.1293036
16.725	1.1357341
16.73	1.1421732
16.735001	1.1457124
16.74	1.1438808
16.745001	1.1420209
16.75	1.1401577
16.754999	1.1382941
16.76	1.1364256
16.764999	1.1345541
16.77	1.1326795
16.775	1.1308012
16.780001	1.1289226
16.785	1.1270385
16.790001	1.1257457
16.795	1.1244971
16.799999	1.1232473
16.805	1.1219947
16.809999	1.1207417
16.815001	1.1194863
16.82	1.118227
16.825001	1.1169664
16.83	1.1157033
16.834999	1.1144373
16.84	1.115028
16.844999	1.117435
16.85	1.119853
16.855	1.1222718
16.860001	1.124693
16.865	1.1271187
16.870001	1.1295458
16.875	1.1319749
16.879999	1.1344075
16.885	1.1368423
16.889999	1.1386575
16.895	1.1340334
16.9	1.1293726
16.905001	1.1247078
16.91	1.1200367
16.915001	1.115356
16.92	1.1106678
16.924999	1.1059769
16.93	1.1012772
16.934999	1.0965705
16.940001	1.091859
16.945	1.087971
16.950001	1.0844843
16.955	1.0809951
16.959999	1.0775015
16.965	1.0740014
16.969999	1.0704961
16.975	1.0669862
16.98	1.0634713
16.985001	1.0599519
16.99	1.0564263
16.995001	1.0554688
17	1.0618768
17.004999	1.068328
17.01	1.0747851
17.014999	1.081251
17.02	1.0877255
17.025	1.0942054
17.030001	1.1006956
17.035	1.1071919
17.040001	1.1136956
17.045	1.1202083
17.049999	1.1176229
17.055	1.1133635
17.059999	1.1090906
17.065001	1.1048104
17.07	1.100523
17.075001	1.0962297
17.08	1.0919309
17.084999	1.087626
17.09	1.0833144
17.094999	1.0789959
17.1	1.0769262
17.105	1.0777309
17.110001	1.0785493
17.115	1.0793673
17.120001	1.0801873
17.125	1.0810064
17.129999	1.0818256
17.135	1.0826455
17.139999	1.0834668
17.145	1.084288
17.15	1.0850631
17.155001	1.0845426
17.16	1.0840148
17.165001	1.0834846
17.17	1.0829535
17.174999	1.0824211
17.18	1.0818878
17.184999	1.0813531
17.190001	1.0808179
17.195	1.0802807
17.200001	1.0797418
17.205	1.0750117
17.209999	1.0678104
17.215	1.0605884
17.219999	1.0533553
17.225	1.0461119
17.23	1.0388602
17.235001	1.0315971
17.24	1.0243235
17.245001	1.0170408
17.25	1.0144085
17.254999	1.0218387
17.26	1.0210344
17.264999	1.0202349
17.27	1.0194308
17.275	1.0186265
17.280001	1.017819
17.285	1.017012
17.290001	1.0162016
17.295	1.0153896
17.299999	1.0145777
17.305	1.0137622
17.309999	1.0135226
17.315001	1.0134014
17.32	1.0132796
17.325001	1.0131572
17.33	1.0130347
17.334999	1.0129104
17.34	1.0127854
17.344999	1.0126603
17.35	1.0125329
17.355	1.0124059
17.360001	1.0122377
17.365	1.0120126
17.370001	1.0117866
17.375	1.011561
17.379999	1.0113326
17.385	1.0111036
17.389999	1.0108745
17.395	1.0106443
17.4	1.0104129
17.405001	1.0101805
17.41	1.0098814
17.415001	1.0082028
17.42	1.006516
17.424999	1.0048285
17.43	1.0031353
17.434999	1.0014409
17.440001	0.99974525
17.445	0.99804276
17.450001	0.99634063
17.455	0.99463308
17.459999	0.99292326
17.465	0.99222517
17.469999	0.99206018
17.475	0.99189645
17.48	0.99173188
17.485001	0.99156612
17.49	0.99139953
17.495001	0.99123192
17.5	0.99106342
17.504999	0.99089396
17.51	0.99072212
17.514999	0.98977172
17.52	0.98669285
17.525	0.98359877
17.530001	0.98050004
17.535	0.97739571
17.540001	0.97429115
17.545	0.97117734
17.549999	0.96806175
17.555	0.9649381
17.559999	0.96181262
17.565001	0.95868331
17.57	0.95845801
17.575001	0.95862716
17.58	0.9587974
17.584999	0.95896649
17.59	0.95913553
17.594999	0.95930427
17.6	0.95947361
17.605	0.95964205
17.610001	0.95980996
17.615	0.9588564
17.620001	0.95837057
17.625	0.95929307
17.629999	0.96021801
17.635	0.96114242
17.639999	0.96206808
17.645	0.96299601
17.65	0.9639231
17.655001	0.96485013
17.66	0.96577865
17.665001	0.96670699
17.67	0.967484
17.674999	0.9671824
17.68	0.9668752
17.684999	0.96656495
17.690001	0.96625596
17.695	0.96594495
17.700001	0.96563357
17.705	0.96531874
17.709999	0.96500486
17.715	0.96468806
17.719999	0.96437287
17.725	0.96330631
17.73	0.96198088
17.735001	0.96065104
17.74	0.95931953
17.745001	0.95798516
17.75	0.95664918
17.754999	0.95531064
17.76	0.95396894
17.764999	0.95262575
17.77	0.95128071
17.775	0.94999117
17.780001	0.94879639
17.785	0.94759881
17.790001	0.94640076
17.795	0.94520134
17.799999	0.94400042
17.805	0.94279575
17.809999	0.94158638
17.815001	0.94037724
17.82	0.93916678
17.825001	0.93795592
17.83	0.93703485
17.834999	0.9361133
17.84	0.9351905
17.844999	0.93426472
17.85	0.93333942
17.855	0.93241143
17.860001	0.93148196
17.865	0.93055129
17.870001	0.92961645
17.875	0.92868036
17.879999	0.9268474
17.885	0.92448878
17.889999	0.92212224
17.895	0.91975164
17.9	0.91737819
17.905001	0.91500223
17.91	0.91262162
17.915001	0.91023666
17.92	0.90784937
17.924999	0.90545756
17.93	0.90382683
17.934999	0.90428579
17.940001	0.90475649
17.945	0.90522766
17.950001	0.90569884
17.955	0.90617037
17.959999	0.90664059
17.965	0.90711176
17.969999	0.907583
17.975	0.90805244
17.98	0.90852392
17.985001	0.91058266
17.99	0.91281807
17.995001	0.91505682
18	0.91729927
18.004999	0.9195435
18.01	0.92178965
18.014999	0.92403728
18.02	0.92628574
18.025	0.92853779
18.030001	0.93079406
18.035	0.93065858
18.040001	0.92851382
18.045	0.92635304
18.049999	0.92418861
18.055	0.9220199
18.059999	0.9198482
18.065001	0.91767311
18.07	0.91549456
18.075001	0.91331273
18.08	0.91112804
18.084999	0.90941274
18.09	0.90973681
18.094999	0.91007668
18.1	0.91041791
18.105	0.91075671
18.110001	0.91109592
18.115	0.91143179
18.120001	0.9117716
18.125	0.91211051
18.129999	0.91244757
18.135	0.9127835
18.139999	0.91132206
18.145	0.90948731
18.15	0.90764368
18.155001	0.90579933
18.16	0.90395117
18.165001	0.90210003
18.17	0.90024626
18.174999	0.89839035
18.18	0.89653045
18.184999	0.89466578
18.190001	0.89506674
18.195	0.89792436
18.200001	0.90080339
18.205	0.90368432
18.209999	0.90656793
18.215	0.90945464
18.219999	0.91234487
18.225	0.91523761
18.23	0.91813451
18.235001	0.9210338
18.24	0.92319649
18.245001	0.92052943
18.25	0.91782218
18.254999	0.91511124
18.26	0.91239548
18.264999	0.90967643
18.27	0.90695232
18.275	0.90422535
18.280001	0.90149051
18.285	0.89875537
18.290001	0.8960163
18.295	0.89536065
18.299999	0.89528888
18.305	0.89522094
18.309999	0.8951512
18.315001	0.89508069
18.32	0.89501041
18.325001	0.89493895
18.33	0.8948667
18.334999	0.89479417
18.34	0.89471996
18.344999	0.89438933
18.35	0.89373416
18.355	0.89307356
18.360001	0.89241135
18.365	0.89174837
18.370001	0.89108342
18.375	0.89041668
18.379999	0.88974869
18.385	0.88907915
18.389999	0.88840938
18.395	0.88797826
18.4	0.88966149
18.405001	0.89136654
18.41	0.89307284
18.415001	0.89478117
18.42	0.89648914
18.424999	0.8981989
18.43	0.89991128
18.434999	0.90162492
18.440001	0.90333909
18.445	0.90505314
18.450001	0.90662956
18.455	0.90816212
18.459999	0.90969628
18.465	0.91123211
18.469999	0.91276926
18.475	0.91430587
18.48	0.91584295
18.485001	0.91738278
18.49	0.91892397
18.495001	0.92046553
18.5	0.92167366
18.504999	0.92243284
18.51	0.92318636
18.514999	0.92394131
18.52	0.92469817
18.525	0.92545432
18.530001	0.92620975
18.535	0.92696559
18.540001	0.9277218
18.545	0.92847759
18.549999	0.92920756
18.555	0.92966294
18.559999	0.9301151
18.565001	0.93057066
18.57	0.93102276
18.575001	0.93147588
18.58	0.93192935
18.584999	0.93238187
18.59	0.93283385
18.594999	0.93328661
18.6	0.93373871
18.605	0.93301171
18.610001	0.93191552
18.615	0.93081379
18.620001	0.92970932
18.625	0.92860234
18.629999	0.92749304
18.635	0.92638189
18.639999	0.92526883
18.645	0.92415422
18.65	0.92303777
18.655001	0.92289627
18.66	0.92400515
18.665001	0.92512828
18.67	0.92625159
18.674999	0.92737585
18.68	0.92850089
18.684999	0.92962545
18.690001	0.9307515
18.695	0.93187892
18.700001	0.93300682
18.705	0.93393874
18.709999	0.93340325
18.715	0.9328478
18.719999	0.93229413
18.725	0.93173593
18.73	0.93117911
18.735001	0.930619
18.74	0.93006021
18.745001	0.92949772
18.75	0.92893338
18.754999	0.92836803
18.76	0.92768115
18.764999	0.92695922
18.77	0.92623532
18.775	0.92550856
18.780001	0.92478216
18.785	0.92405403
18.790001	0.9233225
18.795	0.92259043
18.799999	0.92185599
18.805	0.92111939
18.809999	0.92195916
18.815001	0.92453951
18.82	0.92714196
18.825001	0.92974526
18.83	0.93235081
18.834999	0.93496048
18.84	0.93757051
18.844999	0.9401837
18.85	0.94279915
18.855	0.94541699
18.860001	0.94758952
18.865	0.9474594
18.870001	0.94730467
18.875	0.94714653
18.879999	0.94698858
18.885	0.94682866
18.889999	0.94666839
18.895	0.94650751
18.9	0.94634473
18.905001	0.94618207
18.91	0.94601828
18.915001	0.94507849
18.92	0.94399172
18.924999	0.94290179
18.93	0.94181103
18.934999	0.94071651
18.940001	0.93961978
18.945	0.93852192
18.950001	0.93742234
18.955	0.93631864
18.959999	0.93521404
18.965	0.93435496
18.969999	0.93370599
18.975	0.9330579
18.98	0.93240637
18.985001	0.9317531
18.99	0.9310993
18.995001	0.93044442
19	0.92978859
19.004999	0.92913067
19.01	0.92847049
19.014999	0.92899197
19.02	0.93339992
19.025	0.93785846
19.030001	0.94232208
19.035	0.9467873
19.040001	0.95125884
19.045	0.95573384
19.049999	0.96021378
19.055	0.96469963
19.059999	0.96918887
19.065001	0.97368467
19.07	0.97195512
19.075001	0.96968675
19.08	0.96740896
19.084999	0.96512705
19.09	0.96284115
19.094999	0.9605515
19.1	0.95825928
19.105	0.95596361
19.110001	0.95366484
19.115	0.95132369
19.120001	0.95264715
19.125	0.95614803
19.129999	0.95965797
19.135	0.96316981
19.139999	0.96668524
19.145	0.97020537
19.15	0.97372842
19.155001	0.97725356
19.16	0.98078161
19.165001	0.98431575
19.17	0.98699826
19.174999	0.98796088
19.18	0.98891795
19.184999	0.9898752
19.190001	0.99083102
19.195	0.99178696
19.200001	0.99274623
19.205	0.99370533
19.209999	0.99466175
19.215	0.99562198
19.219999	0.99661452
19.225	0.99850279
19.23	1.0003963
19.235001	1.0022908
19.24	1.0041875
19.245001	1.0060834
19.25	1.0079818
19.254999	1.0098842
19.26	1.0117848
19.264999	1.0136883
19.27	1.0155919
19.275	1.0155432
19.280001	1.0148171
19.285	1.0140872
19.290001	1.0133562
19.295	1.0126226
19.299999	1.0118874
19.305	1.0111507
19.309999	1.0104128
19.315001	1.0096729
19.32	1.0089309
19.325001	1.0081668
19.33	1.0073739
19.334999	1.0065774
19.34	1.0057796
19.344999	1.00498
19.35	1.0041778
19.355	1.0033746
19.360001	1.0025704
19.365	1.0017633
19.370001	1.0009544
19.375	1.0001258
19.379999	0.99920309
19.385	0.99828035
19.389999	0.9973554
19.395	0.99642885
19.4	0.9954986
19.405001	0.99456722
19.41	0.99363482
19.415001	0.99269736
19.42	0.99176186
19.424999	0.99082482
19.43	0.99432087
19.434999	0.99839902
19.440001	1.0024879
19.445	1.0065782
19.450001	1.0106732
19.455	1.014774
19.459999	1.0188773
19.465	1.022983
19.469999	1.0270947
19.475	1.0312115
19.48	1.0357
19.485001	1.0404344
19.49	1.0451752
19.495001	1.0499185
19.5	1.0546662
19.504999	1.0594211
19.51	1.0641813
19.514999	1.0689459
19.52	1.073715
19.525	1.0784862
19.530001	1.0811648
19.535	1.079574
19.540001	1.0779649
19.545	1.0763527
19.549999	1.0747356
19.555	1.0731171
19.559999	1.0714966
19.565001	1.069874
19.57	1.0682473
19.575001	1.0666192
19.58	1.0651541
19.584999	1.0665109
19.59	1.0678817
19.594999	1.0692499
19.6	1.0706187
19.605	1.0719895
19.610001	1.0733628
19.615	1.0747349
19.620001	1.0761087
19.625	1.0774833
19.629999	1.0788541
19.635	1.0767705
19.639999	1.0737171
19.645	1.0706561
19.65	1.0675896
19.655001	1.0645177
19.66	1.0614411
19.665001	1.0583628
19.67	1.0552793
19.674999	1.0521904
19.68	1.0491014
19.684999	1.0484809
19.690001	1.050193
19.695	1.0519158
19.700001	1.0536404
19.705	1.0553652
19.709999	1.05709
19.715	1.0588158
19.719999	1.0605453
19.725	1.0622765
19.73	1.0640081
19.735001	1.066012
19.74	1.0688301
19.745001	1.0716537
19.75	1.0744814
19.754999	1.0773107
19.76	1.0801411
19.764999	1.0829765
19.77	1.0858124
19.775	1.0886538
19.780001	1.091496
19.785	1.0943298
19.790001	1.0919207
19.795	1.0894221
19.799999	1.0869186
19.805	1.0844125
19.809999	1.0819008
19.815001	1.0793871
19.82	1.076869
19.825001	1.0743471
19.83	1.071822
19.834999	1.0693036
19.84	1.0719302
19.844999	1.0764979
19.85	1.0810783
19.855	1.0856624
19.860001	1.0902506
19.865	1.0948454
19.870001	1.099444
19.875	1.1040465
19.879999	1.1086551
19.885	1.1132598
19.889999	1.1143569
19.895	1.1115199
19.9	1.1086652
19.905001	1.1058054
19.91	1.1029404
19.915001	1.1000731
19.92	1.0972012
19.924999	1.0943239
19.93	1.0914447
19.934999	1.0885595
19.940001	1.086126
19.945	1.0852995
19.950001	1.0844749
19.955	1.0836523
19.959999	1.0828236
19.965	1.0819989
19.969999	1.0811695
19.975	1.080337
19.98	1.0795041
19.985001	1.0786672
19.99	1.0778438
19.995001	1.0819075
20	1.086153
20.004999	1.0904011
20.01	1.0946562
20.014999	1.0989132
20.02	1.1031749
20.025	1.1074398
20.030001	1.1117102
20.035	1.1159868
20.040001	1.1202574
20.045	1.1211368
20.049999	1.1206932
20.055	1.1202441
20.059999	1.1197939
20.065001	1.1193422
20.07	1.1188871
20.075001	1.1184322
20.08	1.1179769
20.084999	1.1175187
20.09	1.117057
20.094999	1.1156747
20.1	1.113281
20.105	1.1108804
20.110001	1.1084766
20.115	1.1060679
20.120001	1.1036553
20.125	1.1012391
20.129999	1.0988213
20.135	1.0963974
20.139999	1.0939707
20.145	1.0912567
20.15	1.0876414
20.155001	1.0840155
20.16	1.0803833
20.165001	1.0767478
20.17	1.0731044
20.174999	1.0694575
20.18	1.0658054
20.184999	1.0621502
20.190001	1.0584882
20.195	1.0548568
20.200001	1.0625068
20.205	1.0702285
20.209999	1.0779595
20.215	1.0856972
20.219999	1.0934408
20.225	1.101199
20.23	1.1089628
20.235001	1.1167367
20.24	1.124518
20.245001	1.1322742
20.25	1.130806
20.254999	1.1264383
20.26	1.1220558
20.264999	1.1176649
20.27	1.1132675
20.275	1.1088647
20.280001	1.1044559
20.285	1.1000421
20.290001	1.0956219
20.295	1.0912045
20.299999	1.0892783
20.305	1.0895554
20.309999	1.0898403
20.315001	1.0901246
20.32	1.0904089
20.325001	1.0906932
20.33	1.0909783
20.334999	1.0912627
20.34	1.0915443
20.344999	1.0918235
20.35	1.0911115
20.355	1.0881246
20.360001	1.0851262
20.365	1.0821217
20.370001	1.0791154
20.375	1.076104
20.379999	1.0730872
20.385	1.07007
20.389999	1.0670445
20.395	1.0640202
20.4	1.0614278
20.405001	1.0639248
20.41	1.0664449
20.415001	1.0689657
20.42	1.0714861
20.424999	1.074012
20.43	1.0765386
20.434999	1.0790695
20.440001	1.0815994
20.445	1.0841333
20.450001	1.0866548
20.455	1.0860487
20.459999	1.0848962
20.465	1.0837407
20.469999	1.0825807
20.475	1.0814211
20.48	1.0802587
20.485001	1.0790938
20.49	1.0779272
20.495001	1.0767578
20.5	1.0755934
20.504999	1.0760806
20.51	1.0775216
20.514999	1.0789666
20.52	1.080413
20.525	1.0818615
20.530001	1.0833098
20.535	1.0847579
20.540001	1.0862083
20.545	1.087661
20.549999	1.0891054
20.555	1.0885731
20.559999	1.0853026
20.565001	1.0820183
20.57	1.078729
20.575001	1.0754355
20.58	1.0721365
20.584999	1.0688336
20.59	1.0655276
20.594999	1.062215
20.6	1.0589032
20.605	1.0564331
20.610001	1.0571905
20.615	1.0579587
20.620001	1.0587289
20.625	1.059498
20.629999	1.0602685
20.635	1.0610385
20.639999	1.0618082
20.645	1.0625777
20.65	1.0633483
20.655001	1.0641111
20.66	1.0630444
20.665001	1.0619619
20.67	1.0608767
20.674999	1.0597908
20.68	1.0587007
20.684999	1.0576097
20.690001	1.056518
20.695	1.0554234
20.700001	1.0543261
20.705	1.0532311
20.709999	1.0522243
20.715	1.0512397
20.719999	1.0502591
20.725	1.0492738
20.73	1.0482844
20.735001	1.0472969
20.74	1.0463065
20.745001	1.0453149
20.75	1.0443207
20.754999	1.0433311
20.76	1.0440366
20.764999	1.0459477
20.77	1.0478653
20.775	1.0497842
20.780001	1.0517038
20.785	1.0536263
20.790001	1.0555507
20.795	1.0574758
20.799999	1.0594018
20.805	1.0613216
20.809999	1.0616649
20.815001	1.0594881
20.82	1.0572982
20.825001	1.0551062
20.83	1.0529108
20.834999	1.0507115
20.84	1.0485101
20.844999	1.046307
20.85	1.0440979
20.855	1.0418899
20.860001	1.0401822
20.865	1.0406219
20.870001	1.0410715
20.875	1.0415184
20.879999	1.0419655
20.885	1.0424159
20.889999	1.042864
20.895	1.0433122
20.9	1.0437596
20.905001	1.0442063
20.91	1.0446382
20.915001	1.0419579
20.92	1.0392396
20.924999	1.0365179
20.93	1.0337889
20.934999	1.0310593
20.940001	1.0283247
20.945	1.0255859
20.950001	1.0228443
20.955	1.0201014
20.959999	1.0173647
20.965	1.0173199
20.969999	1.0179523
20.975	1.018585
20.98	1.0192195
20.985001	1.0198539
20.99	1.0204867
20.995001	1.0211219
21	1.0217582
21.004999	1.0223923
21.01	1.023017
21.014999	1.0219258
21.02	1.0197501
21.025	1.0175672
21.030001	1.015379
21.035	1.0131891
21.040001	1.0109979
21.045	1.0088025
21.049999	1.0066031
21.055	1.0043998
21.059999	1.0022039
21.065001	1.0017128
21.07	1.0034788
21.075001	1.0052546
21.08	1.0070351
21.084999	1.0088146
21.09	1.0105951
21.094999	1.0123763
21.1	1.0141628
21.105	1.0159496
21.110001	1.0177355
21.115	1.0195444
21.120001	1.0214096
21.125	1.0232763
21.129999	1.0251439
21.135	1.0270152
21.139999	1.0288863
21.145	1.0307605
21.15	1.0326349
21.155001	1.0345105
21.16	1.0363898
21.165001	1.0381724
21.17	1.0387574
21.174999	1.0393369
21.18	1.0399177
21.184999	1.0404983
21.190001	1.0410771
21.195	1.0416592
21.200001	1.0422382
21.205	1.0428184
21.209999	1.0434022
21.215	1.043955
21.219999	1.0399346
21.225	1.0353504
21.23	1.0307598
21.235001	1.0261669
21.24	1.021565
21.245001	1.0169568
21.25	1.0123426
21.254999	1.0077238
21.26	1.0030985
21.264999	0.99846214
21.27	0.99264491
21.275	0.9863587
21.280001	0.98006505
21.285	0.97376561
21.290001	0.96745861
21.295	0.96114099
21.299999	0.95481968
21.305	0.94848847
21.309999	0.94214761
21.315001	0.93583202
21.32	0.93442231
21.325001	0.93696243
21.33	0.93951923
21.334999	0.94207871
21.34	0.9446398
21.344999	0.9472037
21.35	0.94976884
21.355	0.95233637
21.360001	0.95490849
21.365	0.96096677
21.370001	0.96717262
21.375	0.96556658
21.379999	0.96395153
21.385	0.96233577
21.389999	0.960715
21.395	0.95909345
21.4	0.95746785
21.405001	0.95584011
21.41	0.95421022
21.415001	0.95258099
21.42	0.95251298
21.424999	0.95776349
21.43	0.96303773
21.434999	0.96831852
21.440001	0.9736039
21.445	0.97889429
21.450001	0.98419142
21.455	0.98949403
21.459999	0.99480116
21.465	1.0001159
21.469999	1.0047464
21.475	1.0003461
21.48	0.99590343
21.485001	0.99145824
21.49	0.98700446
21.495001	0.9825443
21.5	0.97808033
21.504999	0.97360915
21.51	0.96913403
21.514999	0.96465486
21.52	0.96017778
21.525	0.95951235
21.530001	0.95922649
21.535	0.95893902
21.540001	0.95865464
21.545	0.95836478
21.549999	0.95807821
21.555	0.95778847
21.559999	0.95749944
21.565001	0.95721126
21.57	0.95691365
21.575001	0.95563167
21.58	0.95403177
21.584999	0.95243162
21.59	0.95082921
21.594999	0.94922221
21.6	0.94761527
21.605	0.9460066
21.610001	0.94439226
21.615	0.94277799
21.620001	0.94117284
21.625	0.94050443
21.629999	0.94042802
21.635	0.94035226
21.639999	0.9402768
21.645	0.94020188
21.65	0.94012731
21.655001	0.9400509
21.66	0.93997341
21.665001	0.93989742
21.67	0.93981397
21.674999	0.94006586
21.68	0.94071478
21.684999	0.94136703
21.690001	0.94202197
21.695	0.94267583
21.700001	0.94332778
21.705	0.94398165
21.709999	0.94463587
21.715	0.9452883
21.719999	0.95164442
21.725	0.96196687
21.73	0.95714849
21.735001	0.95229799
21.74	0.9474389
21.745001	0.94257396
21.75	0.93770379
21.754999	0.932827
21.76	0.92794716
21.764999	0.92305964
21.77	0.91816771
21.775	0.91451091
21.780001	0.9163512
21.785	0.91822422
21.790001	0.92010242
21.795	0.92197978
21.799999	0.92385912
21.805	0.92573965
21.809999	0.92762333
21.815001	0.92950898
21.82	0.93139642
21.825001	0.93307823
21.83	0.93073791
21.834999	0.92837238
21.84	0.92600214
21.844999	0.92363006
21.85	0.92125463
21.855	0.91887546
21.860001	0.91649693
21.865	0.91410959
21.870001	0.91172135
21.875	0.90933204
21.879999	0.90808505
21.885	0.90694815
21.889999	0.90580857
21.895	0.90466779
21.9	0.90352464
21.905001	0.90238094
21.91	0.90123624
21.915001	0.90008658
21.92	0.8989377
21.924999	0.89778912
21.93	0.90036225
21.934999	0.90396613
21.940001	0.90758246
21.945	0.91120315
21.950001	0.9148289
21.955	0.91845644
21.959999	0.92208791
21.965	0.92572474
21.969999	0.92936516
21.975	0.93300933
21.98	0.93516695
21.985001	0.93655783
21.99	0.93794364
21.995001	0.93933123
22	0.94071907
22.004999	0.94210869
22.01	0.94350058
22.014999	0.9448936
22.02	0.94628859
22.025	0.94768441
22.030001	0.94706309
22.035	0.94470197
22.040001	0.94232416
22.045	0.93994439
22.049999	0.93756211
22.055	0.93517673
22.059999	0.93278849
22.065001	0.93039745
22.07	0.92800379
22.075001	0.92560554
22.08	0.9225989
22.084999	0.91874915
22.09	0.91488701
22.094999	0.91101873
22.1	0.9071486
22.105	0.90327245
22.110001	0.8993929
22.115	0.89550805
22.120001	0.89161748
22.125	0.88772517
22.129999	0.88616741
22.135	0.88996351
22.139999	0.89380831
22.145	0.89765507
22.15	0.90150738
22.155001	0.90536243
22.16	0.90922576
22.165001	0.91308945
22.17	0.91695815
22.174999	0.92083144
22.18	0.92431873
22.184999	0.92616087
22.190001	0.92799252
22.195	0.92982876
22.200001	0.9316659
22.205	0.93350422
22.209999	0.93534422
22.215	0.93718404
22.219999	0.93903172
22.225	0.94087696
22.23	0.94213885
22.235001	0.93695921
22.24	0.93172747
22.245001	0.92648691
22.25	0.92123759
22.254999	0.91598558
22.26	0.91072732
22.264999	0.90546459
22.27	0.90019202
22.275	0.89491564
22.280001	0.88962907
22.285	0.89287829
22.290001	0.89639628
22.295	0.89991945
22.299999	0.90344411
22.305	0.90697509
22.309999	0.91050589
22.315001	0.91404134
22.32	0.91758311
22.325001	0.9211303
22.33	0.92467839
22.334999	0.92325795
22.34	0.92108899
22.344999	0.91891009
22.35	0.91672802
22.355	0.91454637
22.360001	0.91236132
22.365	0.91017383
22.370001	0.90798306
22.375	0.90578991
22.379999	0.90359443
22.385	0.90264899
22.389999	0.90207398
22.395	0.90150118
22.4	0.90092862
22.405001	0.90035766
22.41	0.89978254
22.415001	0.8992061
22.42	0.89863044
22.424999	0.89805472
22.43	0.89747602
22.434999	0.89730263
22.440001	0.89732164
22.445	0.8973453
22.450001	0.89737004
22.455	0.89739227
22.459999	0.89741415
22.465	0.89743668
22.469999	0.89745808
22.475	0.89747941
22.48	0.89750069
22.485001	0.89866632
22.49	0.90064198
22.495001	0.90262657
22.5	0.90461373
22.504999	0.90660161
22.51	0.90858996
22.514999	0.91058171
22.52	0.91257769
22.525	0.91457468
22.530001	0.91657269
22.535	0.91911346
22.540001	0.9222002
22.545	0.92529547
22.549999	0.92839253
22.555	0.93149251
22.559999	0.9345966
22.565001	0.93770504
22.57	0.94081527
22.575001	0.9439283
22.58	0.94704777
22.584999	0.94763017
22.59	0.9446246
22.594999	0.94158131
22.6	0.93853515
22.605	0.93548644
22.610001	0.93243277
22.615	0.92937565
22.620001	0.92631531
22.625	0.92325115
22.629999	0.92018479
22.635	0.91811717
22.639999	0.91805333
22.645	0.91800916
22.65	0.91796732
22.655001	0.91792375
22.66	0.91787767
22.665001	0.91783297
22.67	0.91779077
22.674999	0.91774756
22.68	0.91770428
22.684999	0.91706902
22.690001	0.91470712
22.695	0.91233021
22.700001	0.90994924
22.705	0.90756261
22.709999	0.90517533
22.715	0.90278631
22.719999	0.90039909
22.725	0.8980031
22.73	0.89560616
22.735001	0.89470631
22.74	0.90057832
22.745001	0.90652442
22.75	0.91247851
22.754999	0.91844028
22.76	0.92440897
22.764999	0.93038493
22.77	0.93636465
22.775	0.94235337
22.780001	0.94834906
22.785	0.95329499
22.790001	0.94972908
22.795	0.94607162
22.799999	0.94240344
22.805	0.93874109
22.809999	0.9350673
22.815001	0.93139195
22.82	0.92771178
22.825001	0.92402893
22.83	0.92034
22.834999	0.91699398
22.84	0.92141044
22.844999	0.92591625
22.85	0.93042266
22.855	0.93493396
22.860001	0.93945456
22.865	0.94397658
22.870001	0.9485063
22.875	0.9530412
22.879999	0.95757753
22.885	0.96212399
22.889999	0.96467495
22.895	0.96716279
22.9	0.96964902
22.905001	0.97214073
22.91	0.97464019
22.915001	0.97713834
22.92	0.97963762
22.924999	0.98214346
22.93	0.98465019
22.934999	0.98716074
22.940001	0.98838067
22.945	0.9894743
22.950001	0.99056649
22.955	0.99166071
22.959999	0.99275285
22.965	0.99384999
22.969999	0.99494797
22.975	0.99604565
22.98	0.99714625
22.985001	0.99824953
22.99	0.99450791
22.995001	0.98992229
23	0.98532486
23.004999	0.98072022
23.01	0.97611594
23.014999	0.97149879
23.02	0.96688527
23.025	0.96225703
23.030001	0.95762789
23.035	0.95299447
23.040001	0.95326716
23.045	0.9547708
23.049999	0.95629269
23.055	0.9578163
23.059999	0.95934308
23.065001	0.96087176
23.07	0.96240228
23.075001	0.96393424
23.08	0.96546495
23.084999	0.96699977
23.09	0.96362329
23.094999	0.95860171
23.1	0.95355254
23.105	0.94849783
23.110001	0.94343859
23.115	0.93837339
23.120001	0.93330234
23.125	0.92822629
23.129999	0.92314404
23.135	0.9180584
23.139999	0.91714305
23.145	0.91798538
23.15	0.91885245
23.155001	0.91972238
23.16	0.92059171
23.165001	0.92146182
23.17	0.92233396
23.174999	0.92320704
23.18	0.924079
23.184999	0.92491889
23.190001	0.93034768
23.195	0.93810946
23.200001	0.94589412
23.205	0.95368755
23.209999	0.96148723
23.215	0.96929544
23.219999	0.97711563
23.225	0.98494172
23.23	0.99277669
23.235001	1.0006194
23.24	1.0042534
23.245001	1.0053607
23.25	1.006457
23.254999	1.0075566
23.26	1.0086548
23.264999	1.0097549
23.27	1.0108581
23.275	1.0119629
23.280001	1.0130672
23.285	1.0141724
23.290001	1.0126086
23.295	1.0091797
23.299999	1.0057409
23.305	1.0022986
23.309999	0.99885088
23.315001	0.99540007
23.32	0.99194711
23.325001	0.98848927
23.33	0.98502696
23.334999	0.98156196
23.34	0.97990543
23.344999	0.97968912
23.35	0.9794817
23.355	0.97927427
23.360001	0.97906613
23.365	0.97885936
23.370001	0.97865266
23.375	0.97844529
23.379999	0.97823685
23.385	0.97802985
23.389999	0.98093402
23.395	0.9866271
23.4	0.9923383
23.405001	0.99805844
23.41	1.0037831
23.415001	1.0095124
23.42	1.01525
23.424999	1.0209947
23.43	1.0267471
23.434999	1.0325044
23.440001	1.0348984
23.445	1.033958
23.450001	1.0330046
23.455	1.0320493
23.459999	1.0310931
23.465	1.0301369
23.469999	1.0291789
23.475	1.0282191
23.48	1.0272615
23.485001	1.026302
23.49	1.0258124
23.495001	1.0258331
23.5	1.0258557
23.504999	1.02588
23.51	1.0259026
23.514999	1.0259255
23.52	1.0259502
23.525	1.0259742
23.530001	1.0259975
23.535	1.0260181
23.540001	1.0216041
23.545	1.0120208
23.549999	1.0024091
23.555	0.99278504
23.559999	0.98314852
23.565001	0.97350353
23.57	0.96384907
23.575001	0.9541806
23.58	0.94450259
23.584999	0.93482435
23.59	0.93381166
23.594999	0.9435209
23.6	0.95328659
23.605	0.96306396
23.610001	0.9728508
23.615	0.98264772
23.620001	0.99245602
23.625	1.0022748
23.629999	1.0121053
23.635	1.0219405
23.639999	1.0270369
23.645	1.026001
23.65	1.0249348
23.655001	1.0238669
23.66	1.0228012
23.665001	1.0217355
23.67	1.0206686
23.674999	1.0195986
23.68	1.018527
23.684999	1.0174583
23.690001	1.0180552
23.695	1.0208731
23.700001	1.0237054
23.705	1.0265403
23.709999	1.0293809
23.715	1.0322253
23.719999	1.0350689
23.725	1.0379167
23.73	1.040768
23.735001	1.043617
23.74	1.0435642
23.745001	1.0395751
23.75	1.0355623
23.754999	1.0315466
23.76	1.0275249
23.764999	1.0235003
23.77	1.019473
23.775	1.01544
23.780001	1.0114032
23.785	1.0073634
23.790001	1.0046211
23.795	1.0036393
23.799999	1.0026652
23.805	1.0016899
23.809999	1.0007101
23.815001	0.99973369
23.82	0.99875623
23.825001	0.99777621
23.83	0.99679667
23.834999	0.99581891
23.84	0.99670303
23.844999	1.0000753
23.85	1.0034649
23.855	1.0068597
23.860001	1.0102581
23.865	1.0136602
23.870001	1.0170647
23.875	1.0204724
23.879999	1.0238841
23.885	1.0273036
23.889999	1.0313497
23.895	1.0362034
23.9	1.0410622
23.905001	1.0459315
23.91	1.0508065
23.915001	1.0556847
23.92	1.0605707
23.924999	1.0654619
23.93	1.0703578
23.934999	1.075253
23.940001	1.0776755
23.945	1.0770081
23.950001	1.0763265
23.955	1.0756435
23.959999	1.074959
23.965	1.0742759
23.969999	1.0735921
23.975	1.0729073
23.98	1.0722215
23.985001	1.0715352
23.99	1.0701171
23.995001	1.067834
24	1.0655465
24.004999	1.0632579
24.01	1.0609643
24.014999	1.0586702
24.02	1.0563742
24.025	1.0540746
24.030001	1.0517751
24.035	1.0494736
24.040001	1.0478213
24.045	1.0468838
24.049999	1.0459487
24.055	1.0450128
24.059999	1.0440762
24.065001	1.0431383
24.07	1.0421997
24.075001	1.0412613
24.08	1.0403215
24.084999	1.0393796
24.09	1.0387567
24.094999	1.0384569
24.1	1.0381572
24.105	1.0378591
24.110001	1.037558
24.115	1.0372564
24.120001	1.0369568
24.125	1.0366566
24.129999	1.0363563
24.135	1.0360578
24.139999	1.0365117
24.145	1.037649
24.15	1.0387894
24.155001	1.0399314
24.16	1.0410788
24.165001	1.0422257
24.17	1.0433728
24.174999	1.0445206
24.18	1.0456719
24.184999	1.046829
24.190001	1.0495162
24.195	1.0534506
24.200001	1.0573921
24.205	1.0613395
24.209999	1.0652926
24.215	1.0692489
24.219999	1.0732088
24.225	1.0771728
24.23	1.0811439
24.235001	1.0851144
24.24	1.0884897
24.245001	1.091441
24.25	1.0943907
24.254999	1.0973469
24.26	1.1003063
24.264999	1.1032681
24.27	1.1062338
24.275	1.1092032
24.280001	1.1121734
24.285	1.1151515
24.290001	1.1193867
24.295	1.1243932
24.299999	1.129406
24.305	1.1344246
24.309999	1.13945
24.315001	1.1444819
24.32	1.1495191
24.325001	1.1545597
24.33	1.1596078
24.334999	1.1646177
24.34	1.1562978
24.344999	1.1410925
24.35	1.1258416
24.355	1.110572
24.360001	1.0952886
24.365	1.0799893
24.370001	1.0646753
24.375	1.0493455
24.379999	1.033996
24.385	1.0186826
24.389999	1.0192394
24.395	1.0265003
24.4	1.0338024
24.405001	1.0411104
24.41	1.0484257
24.415001	1.055753
24.42	1.063084
24.424999	1.0704255
24.43	1.0777766
24.434999	1.0851201
24.440001	1.0892482
24.445	1.0923067
24.450001	1.0953619
24.455	1.0984223
24.459999	1.1014869
24.465	1.1045516
24.469999	1.1076225
24.475	1.1106942
24.48	1.1137711
24.485001	1.1168494
24.49	1.118951
24.495001	1.1208045
24.5	1.1226579
24.504999	1.1245157
24.51	1.1263804
24.514999	1.1282423
24.52	1.1301087
24.525	1.1319745
24.530001	1.1338422
24.535	1.1357014
24.540001	1.1342468
24.545	1.1322305
24.549999	1.1302065
24.555	1.1281844
24.559999	1.1261581
24.565001	1.1241294
24.57	1.1221005
24.575001	1.1200656
24.58	1.1180292
24.584999	1.1159945
24.59	1.1149955
24.594999	1.1140914
24.6	1.1131865
24.605	1.1122845
24.610001	1.1113774
24.615	1.1104721
24.620001	1.1095634
24.625	1.1086556
24.629999	1.1077485
24.635	1.1068286
24.639999	1.1038705
24.645	1.1008539
24.65	1.0978385
24.655001	1.0948145
24.66	1.0917877
24.665001	1.0887595
24.67	1.0857315
24.674999	1.0826991
24.68	1.0796602
24.684999	1.0768784
24.690001	1.0791328
24.695	1.0814127
24.700001	1.0836946
24.705	1.0859792
24.709999	1.0882659
24.715	1.0905561
24.719999	1.0928491
24.725	1.0951459
24.73	1.0974368
24.735001	1.0986781
24.74	1.0920264
24.745001	1.0853329
24.75	1.0786363
24.754999	1.0719324
24.76	1.0652232
24.764999	1.0584999
24.77	1.0517744
24.775	1.0450441
24.780001	1.0383164
24.785	1.0345117
24.790001	1.0430996
24.795	1.0517522
24.799999	1.0604148
24.805	1.069086
24.809999	1.0777711
24.815001	1.0864618
24.82	1.0951674
24.825001	1.1038755
24.83	1.1125748
24.834999	1.1172916
24.84	1.1110698
24.844999	1.1047977
24.85	1.0985188
24.855	1.0922347
24.860001	1.085941
24.865	1.0796415
24.870001	1.0733356
24.875	1.0670252
24.879999	1.0607216
24.885	1.0577754
24.889999	1.0611236
24.895	1.0645002
24.9	1.0678849
24.905001	1.0712713
24.91	1.0746616
24.915001	1.0780542
24.92	1.0814496
24.924999	1.0848541
24.93	1.0882409
24.934999	1.0878841
24.940001	1.0826038
24.945	1.0772946
24.950001	1.07198
24.955	1.066661
24.959999	1.0613377
24.965	1.0560087
24.969999	1.0506729
24.975	1.0453303
24.98	1.0400002
24.985001	1.0383483
24.99	1.0400922
24.995001	1.0418528
25	1.0436155
25.004999	1.0453805
25.01	1.0471473
25.014999	1.0489178
25.02	1.0506901
25.025	1.0524611
25.030001	1.0542414
25.035	1.0568117
25.040001	1.0598826
25.045	1.0629599
25.049999	1.0660402
25.055	1.0691215
25.059999	1.0722094
25.065001	1.0753005
25.07	1.078393
25.075001	1.0814919
25.08	1.084583
25.084999	1.0860893
25.09	1.0869431
25.094999	1.0877892
25.1	1.0886397
25.105	1.0894877
25.110001	1.0903406
25.115	1.0911919
25.120001	1.0920467
25.125	1.0929002
25.129999	1.093722
25.135	1.0886047
25.139999	1.0820504
25.145	1.0754902
25.15	1.0689187
25.155001	1.0623392
25.16	1.0557597
25.165001	1.0491666
25.17	1.0425671
25.174999	1.0359576
25.18	1.0294043
25.184999	1.0333128
25.190001	1.0382676
25.195	1.0432299
25.200001	1.0481976
25.205	1.0531741
25.209999	1.0581498
25.215	1.0631322
25.219999	1.0681255
25.225	1.0731198
25.23	1.0777069
25.235001	1.0671294
25.24	1.0564774
25.245001	1.0458138
25.25	1.0351381
25.254999	1.0244468
25.26	1.0137451
25.264999	1.0030367
25.27	0.99231428
25.275	0.9815954
25.280001	0.97361207
25.285	0.98297018
25.290001	0.99240661
25.295	1.0018576
25.299999	1.011312
25.305	1.0207794
25.309999	1.0302618
25.315001	1.0397519
25.32	1.0492527
25.325001	1.058749
25.33	1.0658326
25.334999	1.0656704
25.34	1.065478
25.344999	1.0652869
25.35	1.0650904
25.355	1.0648996
25.360001	1.0647058
25.365	1.0645132
25.370001	1.0643212
25.375	1.0641226
25.379999	1.0626495
25.385	1.0589972
25.389999	1.0553339
25.395	1.0516671
25.4	1.0479959
25.405001	1.044322
25.41	1.04064
25.415001	1.0369556
25.42	1.033272
25.424999	1.0296069
25.43	1.0299764
25.434999	1.034543
25.440001	1.0391314
25.445	1.0437242
25.450001	1.0483227
25.455	1.0529225
25.459999	1.0575311
25.465	1.0621459
25.469999	1.066764
25.475	1.071367
25.48	1.0727285
25.485001	1.0720692
25.49	1.071404
25.495001	1.0707393
25.5	1.0700729
25.504999	1.0694057
25.51	1.068737
25.514999	1.0680685
25.52	1.0674011
25.525	1.0667046
25.530001	1.0618351
25.535	1.0555419
25.540001	1.0492324
25.545	1.0429199
25.549999	1.0366004
25.555	1.0302768
25.559999	1.0239403
25.565001	1.0176018
25.57	1.01125
25.575001	1.0049993
25.58	1.0135672
25.584999	1.0241667
25.59	1.0347894
25.594999	1.0454154
25.6	1.0560607
25.605	1.0667176
25.610001	1.0773809
25.615	1.0880593
25.620001	1.0987475
25.625	1.1089354
25.629999	1.1018645
25.635	1.0947145
25.639999	1.0875528
25.645	1.0803844
25.65	1.0732051
25.655001	1.0660201
25.66	1.0588244
25.665001	1.0516182
25.67	1.0444248
25.674999	1.0406688
25.68	1.0538123
25.684999	1.0670431
25.690001	1.0802817
25.695	1.0935228
25.700001	1.1067781
25.705	1.1200374
25.709999	1.133306
