0.2	6.5009933
0.25400001	3.5513818
0.308	2.1144245
0.36199999	1.4946125
0.41600001	1.2530205
0.47	1.2173911
0.52399999	1.2584778
0.57800001	1.201779
0.63200003	0.9877522
0.68599999	0.75336319
0.74000001	0.59249365
0.79400003	0.50214916
0.84799999	0.46021882
0.90200001	0.44652227
0.95599997	0.45261949
1.01	0.47410527
1.064	0.50674468
1.118	0.55429274
1.1720001	0.61860561
1.226	0.70077866
1.28	0.80275297
1.334	0.92153519
1.388	1.0515027
1.442	1.1829021
1.4960001	1.3028955
1.55	1.4010257
1.604	1.461755
1.658	1.4856141
1.712	1.4793659
1.766	1.4412766
1.8200001	1.3788661
1.874	1.2945393
1.928	1.198864
1.982	1.1027377
2.036	1.0134532
2.0899999	0.93047351
2.1440001	0.86359465
2.198	0.8067826
2.2520001	0.75756943
2.306	0.71625859
2.3599999	0.6788823
2.414	0.64409983
2.4679999	0.61417568
2.5220001	0.59055066
2.576	0.56644094
2.6300001	0.5481264
2.684	0.53551865
2.7379999	0.5330596
2.7920001	0.54262024
2.846	0.56122112
2.9000001	0.58349985
2.954	0.6062308
3.0079999	0.62836593
3.062	0.6493988
3.1159999	0.66625482
3.1700001	0.6808337
3.224	0.69422686
3.2780001	0.70401847
3.332	0.71525151
3.3859999	0.72735411
3.4400001	0.73900563
3.494	0.74917501
3.5480001	0.75719917
3.602	0.77037948
3.6559999	0.78492928
3.71	0.80022466
3.7639999	0.82040954
3.8180001	0.83785772
3.872	0.85860419
3.9260001	0.88625973
3.98	0.91538197
4.0339999	0.94460446
4.0879998	0.98223889
4.1420002	1.0228376
4.1960001	1.0610794
4.25	1.104666
4.3039999	1.1437314
4.3579998	1.176627
4.4120002	1.2127255
4.4660001	1.2431495
4.52	1.2690729
4.5739999	1.2885057
4.6279998	1.305256
4.6820002	1.3220196
4.7360001	1.3369023
4.79	1.35315
4.8439999	1.3729408
4.8979998	1.3956599
4.9520001	1.4239711
5.006	1.4496008
5.0599999	1.4595873
5.1139998	1.4642478
5.1680002	1.4541785
5.2220001	1.424219
5.276	1.3658041
5.3299999	1.2904547
5.3839998	1.207871
5.4380002	1.1270373
5.4920001	1.0433055
5.546	0.96904004
5.5999999	0.91048658
5.6539998	0.86623263
5.7080002	0.83325857
5.7620001	0.81072104
5.816	0.79492307
5.8699999	0.79236054
5.9239998	0.79240084
5.9780002	0.79509753
6.0320001	0.80519909
6.086	0.81622422
6.1399999	0.82566851
6.1939998	0.83847666
6.2480001	0.85412115
6.302	0.86102992
6.3559999	0.86788338
6.4099998	0.87378293
6.4640002	0.88490289
6.5180001	0.88975579
6.572	0.88384843
6.6259999	0.88009459
6.6799998	0.87714571
6.7340002	0.86279118
6.7880001	0.85183835
6.842	0.84648442
6.8959999	0.83310759
6.9499998	0.81688279
7.0040002	0.79778397
7.0580001	0.78974056
7.112	0.78874618
7.1659999	0.77230209
7.2199998	0.76943427
7.2740002	0.77859843
7.3280001	0.78600538
7.382	0.79672521
7.4359999	0.81659192
7.4899998	0.83655286
7.5440001	0.86689019
7.598	0.90865827
7.652	0.94718748
7.7059999	0.97440648
7.7600002	1.0147989
7.8140001	1.0496444
7.868	1.0759406
7.9219999	1.105682
7.9759998	1.1260585
8.0299997	1.1431987
8.0839996	1.1506643
8.1379995	1.1625711
8.1920004	1.159482
8.2460003	1.1680387
8.3000002	1.1756543
8.3540001	1.1705233
8.408	1.173964
8.4619999	1.1707562
8.5159998	1.1673673
8.5699997	1.1745634
8.6239996	1.1728073
8.6780005	1.1723543
8.7320004	1.1732877
8.7860003	1.1761794
8.8400002	1.1607922
8.8940001	1.1587125
8.948	1.1550223
9.0019999	1.1471858
9.0559998	1.1362084
9.1099997	1.1150209
9.1639996	1.0962296
9.2180004	1.0738314
9.2720003	1.0638896
9.3260002	1.0472718
9.3800001	1.0281882
9.434	1.0179324
9.4879999	1.002792
9.5419998	0.98719156
9.5959997	0.95679587
9.6499996	0.94854629
9.7040005	0.94093156
9.7580004	0.92747968
9.8120003	0.93281138
9.8660002	0.91626549
9.9200001	0.91420764
9.974	0.9249472
10.028	0.91319484
10.082	0.90641707
10.136	0.91066945
10.19	0.91650516
10.244	0.92117023
10.298	0.9152022
10.352	0.92037922
10.406	0.92062986
10.46	0.92107403
10.514	0.90854269
10.568	0.91568369
10.622	0.91744173
10.676	0.91363603
10.73	0.91055995
10.784	0.91354293
10.838	0.91073751
10.892	0.90406334
10.946	0.90082049
11	0.89388484
11.054	0.89216602
11.108	0.88441539
11.162	0.89174712
11.216	0.88658452
11.27	0.89009899
11.324	0.88782966
11.378	0.89816409
11.432	0.89953268
11.486	0.89621872
11.54	0.89644283
11.594	0.90547341
11.648	0.91982484
11.702	0.93555623
11.756	0.95385891
11.81	0.97319549
11.864	0.9944734
11.918	1.0144531
11.972	1.032557
12.026	1.0497161
12.08	1.0810765
12.134	1.1036328
12.188	1.1188109
12.242	1.1301066
12.296	1.1470629
12.35	1.1587704
12.404	1.1720141
12.458	1.1746629
12.512	1.1765817
12.566	1.180638
12.62	1.1636462
12.674	1.1629919
12.728	1.1600266
12.782	1.146865
12.836	1.1354918
12.89	1.1088179
12.944	1.1159639
12.998	1.0876713
13.052	1.0581007
13.106	1.043972
13.16	1.0369258
13.214	1.0472206
13.268	1.0085422
13.322	0.98671132
13.376	0.95908129
13.43	0.96784496
13.484	0.96996307
13.538	0.97423792
13.592	0.97322875
13.646	0.95834351
13.7	0.94804192
13.754	0.94944298
13.808	0.94146258
13.862	0.92739737
13.916	0.91333163
13.97	0.92732888
14.024	0.93150407
14.078	0.92082947
14.132	0.91831416
14.186	0.92390156
14.24	0.92468125
14.294	0.92992443
14.348	0.92650217
14.402	0.93547529
14.456	0.94713771
14.51	0.94086146
14.564	0.94957048
14.618	0.95880139
14.672	0.96163845
14.726	0.96010661
14.78	0.96934134
14.834	0.98041803
14.888	0.99171287
14.942	0.98029035
14.996	0.98396391
15.05	0.9940511
15.104	1.0021287
15.158	0.99595731
15.212	0.9837395
15.266	0.98751259
15.32	1.014504
15.374	0.98818201
15.428	0.98567092
15.482	0.99538946
15.536	1.008644
15.59	1.0255882
15.644	1.0389075
15.698	1.006134
15.752	1.0170684
15.806	1.0169045
15.86	1.0409015
15.914	1.0356979
15.968	1.0098782
16.021999	1.0140371
16.076	1.0271904
16.129999	1.0410773
16.184	1.0683378
16.238001	1.0748638
16.292	1.0371268
16.346001	1.0523276
16.4	1.0571339
16.454	1.0676529
16.507999	1.0629961
16.562	1.078887
16.615999	1.0512623
16.67	1.0819249
16.724001	1.1127068
16.778	1.1179509
16.832001	1.120918
16.886	1.0930684
16.940001	1.0897685
16.993999	1.0796578
17.048	1.0869179
17.101999	1.0749781
17.156	1.0305068
17.209999	1.0141439
17.264	1.0426946
17.318001	1.0367097
17.372	1.0370605
17.426001	1.0207757
17.48	1.0003161
17.534	1.0215929
17.587999	0.98555708
17.642	0.97694927
17.695999	0.96983838
17.75	0.95133328
17.804001	0.92646247
17.858	0.93157262
17.912001	0.9472059
17.966	0.93519002
18.02	0.93848616
18.073999	0.94995052
18.128	0.90384418
18.181999	0.9247719
18.236	0.92596376
18.290001	0.93115294
18.344	0.90691406
18.398001	0.91437566
18.452	0.9218002
18.506001	0.92607999
18.559999	0.92284554
18.614	0.96151948
18.667999	0.95004851
18.722	0.9427045
18.775999	0.94705993
18.83	0.94132036
18.884001	0.9526701
18.938	0.96959233
18.992001	0.9733848
19.046	0.96344298
19.1	0.96629769
19.153999	0.97671103
19.208	0.98953873
19.261999	0.99064857
19.316	0.97678381
19.370001	1.0240713
19.424	0.98865324
19.478001	1.029827
19.532	1.0137683
19.586	1.029662
19.639999	1.0299308
19.694	1.0506989
19.747999	1.0475357
19.802	1.0567967
19.856001	1.0443225
19.91	1.0492637
19.964001	1.0669974
20.018	1.0703973
20.072001	1.0732422
20.125999	1.0455076
20.18	1.057101
20.233999	1.0624566
20.288	1.0545964
20.341999	1.0759873
20.396	1.0718771
20.450001	1.0436528
20.504	1.0741594
20.558001	1.0423659
20.612	1.0667725
20.666	1.0772476
20.719999	1.0611461
20.774	1.0541549
20.827999	1.0701056
20.882	1.0500743
20.936001	1.0435158
20.99	1.0418917
21.044001	1.0342486
21.098	1.0008425
21.152	1.0129608
21.205999	1.0110037
21.26	1.0380665
21.313999	1.0294466
21.368	0.98103994
21.422001	1.0193359
21.476	1.0253434
21.530001	1.021929
21.584	1.0134172
21.638	0.97115546
21.691999	0.97678143
21.746	0.95329571
21.799999	0.96733397
21.854	0.98184478
21.908001	0.9592849
21.962	0.96708232
22.016001	0.94211936
22.07	0.95393097
22.124001	0.94491601
22.177999	0.95762908
22.232	0.9298327
22.285999	0.94960451
22.34	0.97382492
22.393999	0.94582325
22.448	0.9382984
22.502001	0.93710256
22.556	0.92586285
22.610001	0.94343054
22.664	0.94415271
22.718	0.93268585
22.771999	0.9632113
22.826	0.94988084
22.879999	0.98696643
22.934	0.97696614
22.988001	0.96706808
23.042	1.0061284
23.096001	0.990641
23.15	0.94935298
23.204	0.95658004
23.257999	0.96325153
23.312	0.96970028
23.365999	0.98041874
23.42	0.98625469
23.474001	0.99111849
23.528	1.0091293
23.582001	0.99041742
23.636	1.0047151
23.690001	1.0187943
23.743999	1.0107462
23.798	1.0469152
23.851999	1.0500396
23.906	1.0380447
23.959999	1.0058501
24.014	1.0101644
24.068001	1.0000815
24.122	0.98623097
24.176001	1.0315132
24.23	1.056379
24.284	1.03974
24.337999	1.0328903
24.392	1.0302002
24.445999	1.0354962
24.5	1.0261519
24.554001	1.0166563
24.608	1.0373689
24.662001	1.0264572
24.716	1.020581
24.77	1.0179611
24.823999	0.98293656
24.878	1.0028474
24.931999	1.050948
24.986	1.0481646
25.040001	1.0261589
25.094	1.0108364
25.148001	0.95266032
25.202	0.93980235
25.256001	0.97648662
25.309999	0.98279864
25.364	0.99023408
25.417999	0.98883307
25.472	1.0087055
25.525999	0.96927971
25.58	0.97632754
25.634001	0.95390481
