0.2	3.7539673
0.205	3.453706
0.20999999	3.1607895
0.215	2.9143276
0.22	2.6849384
0.22499999	2.4913869
0.23	2.2964935
0.235	2.0898416
0.23999999	1.9282243
0.245	1.8175418
0.25	1.6782923
0.255	1.5240053
0.25999999	1.4230366
0.26499999	1.3235779
0.27000001	1.2353776
0.27500001	1.1395669
0.28	1.0347909
0.285	0.95994788
0.28999999	0.90993929
0.29499999	0.84354579
0.30000001	0.77427989
0.30500001	0.72893625
0.31	0.67748511
0.315	0.60845166
0.31999999	0.58128011
0.32499999	0.53809381
0.33000001	0.49643347
0.33500001	0.45395151
0.34	0.41793346
0.345	0.39332929
0.34999999	0.36875802
0.35499999	0.3496595
0.36000001	0.32706296
0.36500001	0.31043956
0.37	0.30082732
0.375	0.28289086
0.38	0.27228868
0.38499999	0.26500416
0.38999999	0.26453686
0.39500001	0.24500626
0.40000001	0.24624762
0.405	0.23951811
0.41	0.23626602
0.41499999	0.24044079
0.41999999	0.24978125
0.42500001	0.26543561
0.43000001	0.27604777
0.435	0.28659004
0.44	0.31324553
0.44499999	0.34422976
0.44999999	0.38713032
0.45500001	0.44982499
0.46000001	0.51228893
0.465	0.5950523
0.47	0.70716715
0.47499999	0.81309903
0.47999999	0.97963178
0.48500001	1.1912496
0.49000001	1.4197323
0.495	1.6908237
0.5	2.0198932
0.505	2.3755639
0.50999999	2.730521
0.51499999	3.0627935
0.51999998	3.3589923
0.52499998	3.5801353
0.52999997	3.8543704
0.53500003	4.0551052
0.54000002	4.2259569
0.54500002	4.2911801
0.55000001	4.3232908
0.55500001	4.2690039
0.56	4.1044278
0.565	3.8735411
0.56999999	3.5880163
0.57499999	3.2410352
0.57999998	2.8716569
0.58499998	2.5013781
0.58999997	2.1034591
0.59500003	1.8250287
0.60000002	1.5256484
0.60500002	1.2851498
0.61000001	1.0743929
0.61500001	0.89435852
0.62	0.74552244
0.625	0.61417419
0.63	0.51014966
0.63499999	0.42918816
0.63999999	0.33424595
0.64499998	0.26130748
0.64999998	0.22478822
0.65499997	0.14690179
0.66000003	0.11669493
0.66500002	0.085979849
0.67000002	0.047885597
0.67500001	0.018979311
0.68000001	-0.00083434582
0.685	-0.01877901
0.69	-0.041280404
0.69499999	-0.066392228
0.69999999	-0.080544412
0.70499998	-0.085065439
0.70999998	-0.1048284
0.71499997	-0.093158484
0.72000003	-0.12933746
0.72500002	-0.1363406
0.73000002	-0.13033578
0.73500001	-0.14138311
0.74000001	-0.14818138
0.745	-0.14857726
0.75	-0.14537561
0.755	-0.14874488
0.75999999	-0.15617228
0.76499999	-0.15821183
0.76999998	-0.15637094
0.77499998	-0.14937116
0.77999997	-0.13644758
0.78500003	-0.12926354
0.79000002	-0.1221244
0.79500002	-0.10487424
0.80000001	-0.093577087
0.80500001	-0.075030833
0.81	-0.052723527
0.815	-0.039891794
0.81999999	-0.031247005
0.82499999	-0.027721629
0.82999998	-0.026250497
0.83499998	-0.022567302
0.83999997	-0.044386864
0.84500003	-0.067443818
0.85000002	-0.088449091
0.85500002	-0.11008683
0.86000001	-0.13224107
0.86500001	-0.15634292
0.87	-0.16941592
0.875	-0.18932024
0.88	-0.21113229
0.88499999	-0.23209383
0.88999999	-0.24201921
0.89499998	-0.2474148
0.89999998	-0.26349759
0.90499997	-0.26728269
0.91000003	-0.27096927
0.91500002	-0.2788285
0.92000002	-0.26631868
0.92500001	-0.25445268
0.93000001	-0.24245705
0.935	-0.23730387
0.94	-0.21954197
0.94499999	-0.20999455
0.94999999	-0.20355849
0.95499998	-0.20683981
0.95999998	-0.22756831
0.96499997	-0.24673982
0.97000003	-0.25806585
0.97500002	-0.27275205
0.98000002	-0.2851792
0.98500001	-0.27345049
0.99000001	-0.26823407
0.995	-0.25077981
1	-0.25342643
1.005	-0.24316984
1.01	-0.22831334
1.015	-0.21242809
1.02	-0.19131595
1.025	-0.16471699
1.03	-0.14270489
1.035	-0.13397156
1.04	-0.11571468
1.045	-0.10436355
1.05	-0.11047591
1.0549999	-0.10653623
1.0599999	-0.1219108
1.0650001	-0.13279814
1.0700001	-0.13731453
1.075	-0.13764912
1.08	-0.14292818
1.085	-0.14242347
1.09	-0.13984321
1.095	-0.14430642
1.1	-0.13697287
1.105	-0.13656831
1.11	-0.13979875
1.115	-0.1316922
1.12	-0.12569802
1.125	-0.12232064
1.13	-0.11055112
1.135	-0.090728983
1.14	-0.081151873
1.145	-0.055556759
1.15	-0.025992855
1.155	-0.0033347607
1.16	0.028652653
1.165	0.059304491
1.17	0.076535895
1.175	0.085691065
1.1799999	0.087164566
1.1849999	0.066695735
1.1900001	0.055573553
1.1950001	0.051910773
1.2	0.045771673
1.205	0.046201289
1.21	0.069577351
1.215	0.096264213
1.22	0.11268657
1.225	0.13018179
1.23	0.15001281
1.235	0.16980569
1.24	0.20257805
1.245	0.23258306
1.25	0.24454039
1.255	0.27789184
1.26	0.2959795
1.265	0.30596286
1.27	0.34011281
1.275	0.35977143
1.28	0.360167
1.285	0.36849427
1.29	0.37661737
1.295	0.36475638
1.3	0.36427706
1.3049999	0.37598732
1.3099999	0.35916787
1.3150001	0.36906058
1.3200001	0.36554694
1.325	0.37658867
1.33	0.36993259
1.335	0.35102093
1.34	0.35544053
1.345	0.36236998
1.35	0.35453087
1.355	0.34971806
1.36	0.35706469
1.365	0.36770517
1.37	0.37100339
1.375	0.38211989
1.38	0.36183852
1.385	0.39137971
1.39	0.38998491
1.395	0.40772831
1.4	0.4266763
1.405	0.44781068
1.41	0.47264484
1.415	0.50027251
1.42	0.5258832
1.425	0.54918778
1.4299999	0.57940274
1.4349999	0.59748524
1.4400001	0.64826351
1.4450001	0.66293091
1.45	0.69824791
1.455	0.756998
1.46	0.79065907
1.465	0.84215361
1.47	0.89251316
1.475	0.9585222
1.48	1.0438188
1.485	1.1394641
1.49	1.2497091
1.495	1.3705199
1.5	1.5192615
1.505	1.6647966
1.51	1.8579873
1.515	1.9548911
1.52	2.0314984
1.525	2.0308733
1.53	2.0155497
1.535	2.0018229
1.54	2.0009518
1.545	2.0601676
1.55	2.2263503
1.5549999	2.5304034
1.5599999	3.0077677
1.5650001	3.6507585
1.5700001	4.369771
1.575	5.2674255
1.58	6.1943479
1.585	6.8474879
1.59	7.0749655
1.595	6.9306393
1.6	6.3563638
1.605	5.4487805
1.61	4.4027271
1.615	3.3954144
1.62	2.5687675
1.625	2.0253565
1.63	1.7473266
1.635	1.5158179
1.64	1.3823887
1.645	1.2541018
1.65	1.1695091
1.655	1.0788424
1.66	1.0292703
1.665	0.97779185
1.67	0.9419058
1.675	0.92560858
1.6799999	0.90807724
1.6849999	0.89214319
1.6900001	0.88875014
1.6950001	0.88226253
1.7	0.88800037
1.705	0.87531495
1.71	0.88113195
1.715	0.89706135
1.72	0.92491299
1.725	0.92221755
1.73	0.93342304
1.735	0.93744981
1.74	0.96109384
1.745	0.98587906
1.75	0.99624181
1.755	1.0274984
1.76	1.0260551
1.765	1.072107
1.77	1.1170917
1.775	1.1864804
1.78	1.2414585
1.785	1.28951
1.79	1.2665392
1.795	1.2345225
1.8	1.1700777
1.8049999	1.0973752
1.8099999	1.0279155
1.8150001	0.96354365
1.8200001	0.93148518
1.825	0.90707225
1.83	0.87929261
1.835	0.91103107
1.84	0.91106832
1.845	0.91026813
1.85	0.91964561
1.855	0.93257576
1.86	0.98998386
1.865	1.0652108
1.87	1.1465027
1.875	1.2626747
1.88	1.3919247
1.885	1.4777118
1.89	1.5307654
1.895	1.538083
1.9	1.4818671
1.905	1.3482156
1.91	1.223878
1.915	1.059503
1.92	0.95719516
1.925	0.88445389
1.9299999	0.83905506
1.9349999	0.80931777
1.9400001	0.80504107
1.9450001	0.81774777
1.95	0.82031631
1.955	0.81816196
1.96	0.80349702
1.965	0.83912718
1.97	0.80698693
1.975	0.833386
1.98	0.83291721
1.985	0.84685028
1.99	0.86493355
1.995	0.86743987
2	0.90184343
2.0050001	0.944601
2.01	0.97146952
2.0150001	1.0027212
2.02	1.0386015
2.0250001	1.0967472
2.03	1.1108733
2.0350001	1.082058
2.04	1.0934263
2.0450001	1.120157
2.05	1.1484243
2.0550001	1.1780051
2.0599999	1.2436361
2.0650001	1.3142174
2.0699999	1.3597965
2.075	1.3634721
2.0799999	1.3326632
2.085	1.2818865
2.0899999	1.1683733
2.095	1.0207653
2.0999999	0.89843988
2.105	0.78256166
2.1099999	0.75015604
2.115	0.74859852
2.1199999	0.75205213
2.125	0.7556107
2.1300001	0.75927448
2.135	0.76309347
2.1400001	0.7668913
2.145	0.77043289
2.1500001	0.7736541
2.155	0.77691031
2.1600001	0.78041005
2.165	0.78165931
2.1700001	0.75562233
2.175	0.72971696
2.1800001	0.70299137
2.1849999	0.67653853
2.1900001	0.65025908
2.1949999	0.6235435
2.2	0.59674639
2.2049999	0.57013142
2.21	0.5433017
2.2149999	0.51616883
2.22	0.49480969
2.2249999	0.49358308
2.23	0.49223304
2.2349999	0.49130452
2.24	0.490192
2.2449999	0.48938501
2.25	0.48824117
2.2550001	0.48730421
2.26	0.48644769
2.2650001	0.48543042
2.27	0.48436978
2.2750001	0.48875618
2.28	0.50125009
2.2850001	0.51364481
2.29	0.52592045
2.2950001	0.53827196
2.3	0.55087745
2.3050001	0.56323481
2.3099999	0.57621294
2.3150001	0.58885986
2.3199999	0.60221273
2.325	0.6150952
2.3299999	0.60514206
2.335	0.57914633
2.3399999	0.55317295
2.345	0.52658939
2.3499999	0.49948075
2.355	0.4721466
2.3599999	0.44467849
2.365	0.41674387
2.3699999	0.38940135
2.375	0.36133963
2.3800001	0.3333993
2.385	0.32433969
2.3900001	0.32120371
2.395	0.31803244
2.4000001	0.31494749
2.405	0.31189644
2.4100001	0.30874538
2.415	0.30564374
2.4200001	0.30268604
2.425	0.29944891
2.4300001	0.29610771
2.4349999	0.29230702
2.4400001	0.28294504
2.4449999	0.27334964
2.45	0.26329184
2.4549999	0.2532019
2.46	0.24341516
2.4649999	0.23380321
2.47	0.22424753
2.4749999	0.21454039
2.48	0.20466998
2.4849999	0.19518083
2.49	0.18848017
2.4949999	0.20357955
2.5	0.21897396
2.5050001	0.23411393
2.51	0.24955402
2.5150001	0.26497227
2.52	0.28024849
2.5250001	0.29572335
2.53	0.31142336
2.5350001	0.32688737
2.54	0.34223634
2.5450001	0.35211086
2.55	0.3488591
2.5550001	0.34564915
2.5599999	0.34232843
2.5650001	0.33944803
2.5699999	0.33654466
2.575	0.33318484
2.5799999	0.33046636
2.585	0.32756254
2.5899999	0.32448933
2.595	0.32144949
2.5999999	0.31738409
2.605	0.31229565
2.6099999	0.3072404
2.615	0.30200383
2.6199999	0.29673141
2.625	0.29106298
2.6300001	0.28575367
2.635	0.28041112
2.6400001	0.27434275
2.645	0.26878744
2.6500001	0.26278165
2.655	0.25402674
2.6600001	0.24358352
2.665	0.23321721
2.6700001	0.22312036
2.675	0.2127188
2.6800001	0.20217852
2.6849999	0.19200245
2.6900001	0.18121392
2.6949999	0.17109689
2.7	0.16035885
2.7049999	0.15010482
2.71	0.15047082
2.7149999	0.15286374
2.72	0.155215
2.7249999	0.15783679
2.73	0.16059884
2.7349999	0.16322836
2.74	0.16569237
2.7449999	0.16819564
2.75	0.17094155
2.7550001	0.17314588
2.76	0.17619719
2.7650001	0.18290435
2.77	0.18992309
2.7750001	0.19677208
2.78	0.20368184
2.7850001	0.21069124
2.79	0.21753277
2.7950001	0.22438934
2.8	0.23144089
2.8050001	0.23863842
2.8099999	0.24585347
2.8150001	0.25333962
2.8199999	0.26216483
2.825	0.27099544
2.8299999	0.27972937
2.835	0.28829026
2.8399999	0.2972497
2.845	0.3062931
2.8499999	0.31527925
2.855	0.32429916
2.8599999	0.33318996
2.865	0.34198475
2.8699999	0.3483215
2.875	0.35104942
2.8800001	0.35351843
2.885	0.35564166
2.8900001	0.35813132
2.895	0.3605876
2.9000001	0.36273217
2.905	0.36506349
2.9100001	0.36752275
2.915	0.37009919
2.9200001	0.37223798
2.925	0.37757745
2.9300001	0.38500506
2.9349999	0.39208031
2.9400001	0.39934435
2.9449999	0.40707073
2.95	0.4142696
2.9549999	0.42181346
2.96	0.42949238
2.9649999	0.43682435
2.97	0.44471592
2.9749999	0.45235583
2.98	0.50393003
2.9849999	0.56803107
2.99	0.63260746
2.9949999	0.69767904
3	0.76315486
3.0050001	0.82899815
3.01	0.89518881
3.0150001	0.96161562
3.02	1.0285277
3.0250001	1.0956209
3.03	1.1625729
3.0350001	1.1142778
3.04	1.0622518
3.0450001	1.0088669
3.05	0.95537168
3.0550001	0.90116572
3.0599999	0.84660053
3.0650001	0.79199106
3.0699999	0.73734897
3.075	0.68283749
3.0799999	0.6284554
3.085	0.58245331
3.0899999	0.57991177
3.095	0.57820374
3.0999999	0.57567585
3.105	0.57309902
3.1099999	0.57089603
3.115	0.5685516
3.1199999	0.56612128
3.125	0.5637455
3.1300001	0.5614953
3.135	0.55921936
3.1400001	0.5584904
3.145	0.56074619
3.1500001	0.56244177
3.155	0.56471413
3.1600001	0.56647623
3.165	0.56827098
3.1700001	0.57007742
3.175	0.57236153
3.1800001	0.57409453
3.1849999	0.5759393
3.1900001	0.5774231
3.1949999	0.57702136
3.2	0.57499957
3.2049999	0.57260478
3.21	0.57000208
3.2149999	0.5673638
3.22	0.56499857
3.2249999	0.56207132
3.23	0.55962843
3.2349999	0.55700749
3.24	0.55464739
3.2449999	0.55275834
3.25	0.55972558
3.2550001	0.57060361
3.26	0.58143586
3.2650001	0.59219682
3.27	0.60301161
3.2750001	0.61379457
3.28	0.62497747
3.2850001	0.63602936
3.29	0.64720327
3.2950001	0.65727067
3.3	0.66862875
3.3050001	0.67048752
3.3099999	0.67120785
3.3150001	0.6715529
3.3199999	0.67181665
3.325	0.67203277
3.3299999	0.67244929
3.335	0.67285663
3.3399999	0.67304301
3.345	0.67344522
3.3499999	0.67373121
3.355	0.673985
3.3599999	0.67572999
3.365	0.67642587
3.3699999	0.67865688
3.375	0.67989731
3.3800001	0.68161011
3.385	0.68316722
3.3900001	0.68461818
3.395	0.68614435
3.4000001	0.68771803
3.405	0.6893639
3.4100001	0.68453825
3.415	0.66340685
3.4200001	0.64214152
3.425	0.62003368
3.4300001	0.59871882
3.4349999	0.57691747
3.4400001	0.55498737
3.4449999	0.53272718
3.45	0.510019
3.4549999	0.48773867
3.46	0.46540961
3.4649999	0.4578104
3.47	0.46648854
3.4749999	0.47511676
3.48	0.48421416
3.4849999	0.49367908
3.49	0.50306034
3.4949999	0.51203585
3.5	0.52142996
3.5050001	0.5308494
3.51	0.53993022
3.5150001	0.54969597
3.52	0.57016921
3.5250001	0.59544808
3.53	0.62071049
3.5350001	0.64622509
3.54	0.67182606
3.5450001	0.69756442
3.55	0.72338325
3.5550001	0.74949276
3.5599999	0.7755065
3.5650001	0.80148423
3.5699999	0.827663
3.575	0.83083904
3.5799999	0.83010566
3.585	0.8291164
3.5899999	0.82821077
3.595	0.82726669
3.5999999	0.82607496
3.605	0.82483876
3.6099999	0.82366037
3.615	0.82227415
3.6199999	0.82098579
3.625	0.81801891
3.6300001	0.79660368
3.635	0.77474576
3.6400001	0.75332075
3.645	0.73115653
3.6500001	0.70973343
3.655	0.68818319
3.6600001	0.66609323
3.665	0.64406979
3.6700001	0.62208033
3.675	0.59981024
3.6800001	0.58312976
3.6849999	0.58310086
3.6900001	0.58335561
3.6949999	0.58362156
3.7	0.58400965
3.7049999	0.58439934
3.71	0.58432257
3.7149999	0.58457053
3.72	0.58484149
3.7249999	0.58492732
3.73	0.58520997
3.7349999	0.59714621
3.74	0.62387377
3.7449999	0.65073407
3.75	0.67736739
3.7550001	0.70454645
3.76	0.73135471
3.7650001	0.75821412
3.77	0.78541362
3.7750001	0.8131302
3.78	0.83989269
3.7850001	0.86739385
3.79	0.87603527
3.7950001	0.87340051
3.8	0.87074381
3.8050001	0.86806995
3.8099999	0.86537915
3.8150001	0.86267078
3.8199999	0.85994512
3.825	0.85720217
3.8299999	0.8544417
3.835	0.85166287
3.8399999	0.8488667
3.845	0.84143543
3.8499999	0.83299029
3.855	0.82450563
3.8599999	0.81598169
3.865	0.80741817
3.8699999	0.79881519
3.875	0.7901727
3.8800001	0.78149062
3.885	0.77276862
3.8900001	0.76400697
3.895	0.75539637
3.9000001	0.75603431
3.905	0.75667238
3.9100001	0.75730729
3.915	0.75793862
3.9200001	0.75856698
3.925	0.75919217
3.9300001	0.75981361
3.9349999	0.76043177
3.9400001	0.76104701
3.9449999	0.76165891
3.95	0.76224798
3.9549999	0.76276362
3.96	0.7632755
3.9649999	0.76378405
3.97	0.7642886
3.9749999	0.7647894
3.98	0.7652868
3.9849999	0.76578045
3.99	0.76627064
3.9949999	0.76675719
4	0.76724023
4.0050001	0.76935154
4.0100002	0.77379924
4.0149999	0.77825958
4.02	0.78273171
4.0250001	0.78721517
4.0300002	0.79171026
4.0349998	0.79621816
4.04	0.80073804
4.0450001	0.80526942
4.0500002	0.80981266
4.0549998	0.81436801
4.0599999	0.82511801
4.0650001	0.83988905
4.0700002	0.85471261
4.0749998	0.869587
4.0799999	0.88451141
4.085	0.89948678
4.0900002	0.91451347
4.0949998	0.92959052
4.0999999	0.9447214
4.105	0.95990616
4.1100001	0.97514111
4.1149998	1.0037887
4.1199999	1.0357729
4.125	1.0678729
4.1300001	1.1000869
4.1350002	1.1324155
4.1399999	1.1648586
4.145	1.1974165
4.1500001	1.2300903
4.1550002	1.2628809
4.1599998	1.2957852
4.165	1.3287293
4.1700001	1.3372413
4.1750002	1.3457694
4.1799998	1.3543217
4.1849999	1.3628981
4.1900001	1.3714988
4.1950002	1.3801242
4.1999998	1.3887744
4.2049999	1.3974491
4.21	1.4061486
4.2150002	1.4148728
4.2199998	1.4190044
4.2249999	1.4048574
4.23	1.3906428
4.2350001	1.3763646
4.2399998	1.3620245
4.2449999	1.3476232
4.25	1.3331627
4.2550001	1.3186406
4.2600002	1.3040582
4.2649999	1.289415
4.27	1.2747105
4.2750001	1.2703834
4.2800002	1.2816422
4.2849998	1.2929425
4.29	1.3042777
4.2950001	1.3156481
4.3000002	1.3270532
4.3049998	1.3384966
4.3099999	1.3499751
4.3150001	1.3614891
4.3200002	1.3730381
4.3249998	1.3846226
4.3299999	1.3891946
4.335	1.3890852
4.3400002	1.3889666
4.3449998	1.3888406
4.3499999	1.3887069
4.355	1.3885663
4.3600001	1.3884174
4.3649998	1.3882616
4.3699999	1.3880984
4.375	1.3879268
4.3800001	1.3877481
4.3850002	1.3814616
4.3899999	1.3736266
4.395	1.3657548
4.4000001	1.3578482
4.4050002	1.3499066
4.4099998	1.3419293
4.415	1.3339168
4.4200001	1.3258685
4.4250002	1.317785
4.4299998	1.3096663
4.4349999	1.3015833
4.4400001	1.3307925
4.4450002	1.3601129
4.4499998	1.3895333
4.4549999	1.4190532
4.46	1.4486724
4.4650002	1.4783928
4.4699998	1.5082129
4.4749999	1.5381322
4.48	1.5681524
4.4850001	1.5980344
4.4899998	1.6205468
4.4949999	1.6163104
4.5	1.6120441
4.5050001	1.6077543
4.5100002	1.6034404
4.5149999	1.5991033
4.52	1.5947437
4.5250001	1.590361
4.5300002	1.585955
4.5349998	1.5815259
4.54	1.5770736
4.5450001	1.5639693
4.5500002	1.5381938
4.5549998	1.5123103
4.5599999	1.4863297
4.5650001	1.4602482
4.5700002	1.4340702
4.5749998	1.4077829
4.5799999	1.3813952
4.585	1.3549083
4.5900002	1.3283235
4.5949998	1.3016384
4.5999999	1.2859232
4.605	1.2772522
4.6100001	1.2685505
4.6149998	1.259813
4.6199999	1.251039
4.625	1.2422282
4.6300001	1.2333821
4.6350002	1.2244991
4.6399999	1.2155783
4.645	1.2066188
4.6500001	1.1976244
4.6550002	1.1993936
4.6599998	1.2036517
4.665	1.2079219
4.6700001	1.212202
4.6750002	1.2164917
4.6799998	1.2207913
4.6849999	1.2251014
4.6900001	1.2294213
4.6950002	1.2337507
4.6999998	1.2380904
4.7049999	1.2424515
4.71	1.2474442
4.7150002	1.2524495
4.7199998	1.2574674
4.7249999	1.2624979
4.73	1.2675408
4.7350001	1.272596
4.7399998	1.2776635
4.7449999	1.2827435
4.75	1.2878363
4.7550001	1.2929423
4.7600002	1.3011975
4.7649999	1.3204052
4.77	1.3396823
4.7750001	1.3590211
4.7800002	1.3784261
4.7849998	1.397892
4.79	1.4174201
4.7950001	1.4370103
4.8000002	1.4566616
4.8049998	1.476375
4.8099999	1.4961498
4.8150001	1.5106161
4.8200002	1.5179741
4.8249998	1.5253466
4.8299999	1.5327376
4.835	1.5401478
4.8400002	1.5475775
4.8449998	1.5550265
4.8499999	1.5624958
4.855	1.5699841
4.8600001	1.5774918
4.8649998	1.5855889
4.8699999	1.5802455
4.875	1.5670236
4.8800001	1.5537429
4.8850002	1.5404103
4.8899999	1.5270264
4.895	1.5135927
4.9000001	1.5001076
4.9050002	1.4865716
4.9099998	1.4729825
4.915	1.4593391
4.9200001	1.445653
4.9250002	1.4557165
4.9299998	1.4702542
4.9349999	1.4848408
4.9400001	1.4994714
4.9450002	1.5141462
4.9499998	1.528865
4.9549999	1.5436279
4.96	1.5584348
4.9650002	1.5732865
4.9699998	1.5881823
4.9749999	1.6030409
4.98	1.6164336
4.9850001	1.6298671
4.9899998	1.64334
4.9949999	1.6568526
5	1.670404
5.0050001	1.683995
5.0100002	1.6976259
5.0149999	1.7112964
5.02	1.7250067
5.0250001	1.7387545
5.0300002	1.7488601
5.0349998	1.7485389
5.04	1.7482017
5.0450001	1.7478579
5.0500002	1.7475052
5.0549998	1.7471455
5.0599999	1.7467788
5.0650001	1.7464048
5.0700002	1.7460233
5.0749998	1.7456344
5.0799999	1.7452408
5.085	1.7485394
5.0900002	1.7560146
5.0949998	1.7635126
5.0999999	1.7710295
5.105	1.7785646
5.1100001	1.7861187
5.1149998	1.7936925
5.1199999	1.8012855
5.125	1.8088987
5.1300001	1.8165296
5.1350002	1.8241776
5.1399999	1.8278171
5.145	1.8295693
5.1500001	1.8313192
5.1550002	1.8330686
5.1599998	1.8348178
5.165	1.8365664
5.1700001	1.8383147
5.1750002	1.8400623
5.1799998	1.8418096
5.1849999	1.843556
5.1900001	1.8452815
5.1950002	1.8151338
5.1999998	1.780992
5.2049999	1.7467272
5.21	1.7123476
5.2150002	1.6778497
5.2199998	1.6432307
5.2249999	1.6084934
5.23	1.5736403
5.2350001	1.5386696
5.2399998	1.5035837
5.2449999	1.4721404
5.25	1.4728862
5.2550001	1.4736569
5.2600002	1.4744257
5.2649999	1.4751918
5.27	1.4759557
5.2750001	1.4767176
5.2800002	1.4774776
5.2849998	1.4782352
5.29	1.4789907
5.2950001	1.4797411
5.3000002	1.4772559
5.3049998	1.4677944
5.3099999	1.4582915
5.3150001	1.4487529
5.3200002	1.4391801
5.3249998	1.4295679
5.3299999	1.4199207
5.335	1.4102386
5.3400002	1.4005208
5.3449998	1.3907676
5.3499999	1.3809816
5.355	1.3742127
5.3600001	1.3701209
5.3649998	1.3660142
5.3699999	1.3618898
5.375	1.3577482
5.3800001	1.3535895
5.3850002	1.3494143
5.3899999	1.34522
5.395	1.3410078
5.4000001	1.3367779
5.4050002	1.3325267
5.4099998	1.3235606
5.415	1.3129511
5.4200001	1.3023026
5.4250002	1.2916167
5.4299998	1.2808923
5.4349999	1.2701299
5.4400001	1.2593307
5.4450002	1.2484927
5.4499998	1.2376171
5.4549999	1.2267047
5.46	1.2157472
5.4650002	1.1999933
5.4699998	1.1839859
5.4749999	1.1679244
5.48	1.1518086
5.4850001	1.1356382
5.4899998	1.1194143
5.4949999	1.1031364
5.5	1.0868042
5.5050001	1.0704178
5.5100002	1.0539812
5.5149999	1.0407194
5.52	1.0424286
5.5250001	1.0441538
5.5300002	1.0458813
5.5349998	1.0476111
5.54	1.0493436
5.5450001	1.051079
5.5500002	1.0528169
5.5549998	1.0545573
5.5599999	1.0563005
5.5650001	1.0580404
5.5700002	1.0547407
5.5749998	1.0436606
5.5799999	1.0325365
5.585	1.0213752
5.5900002	1.0101761
5.5949998	0.99894029
5.5999999	0.98766339
5.605	0.97634917
5.6100001	0.96499747
5.6149998	0.95360762
5.6199999	0.9421829
5.625	0.93291944
5.6300001	0.92502439
5.6350002	0.91710454
5.6399999	0.90915775
5.645	0.90118396
5.6500001	0.89318341
5.6550002	0.88515556
5.6599998	0.87710112
5.665	0.86901927
5.6700001	0.86090791
5.6750002	0.85278052
5.6799998	0.85361773
5.6849999	0.85630393
5.6900001	0.858998
5.6950002	0.86169845
5.6999998	0.8644051
5.7049999	0.86711758
5.71	0.86983627
5.7150002	0.87256134
5.7199998	0.8752926
5.7249999	0.87802708
5.73	0.87977934
5.7350001	0.86292017
5.7399998	0.84598809
5.7449999	0.8290022
5.75	0.81196409
5.7550001	0.79487115
5.7600002	0.77772391
5.7649999	0.76052296
5.77	0.74326795
5.7750001	0.72595894
5.7800002	0.70860124
5.7849998	0.69485682
5.79	0.69096082
5.7950001	0.68705958
5.8000002	0.68314576
5.8049998	0.67921734
5.8099999	0.67527467
5.8150001	0.67131937
5.8200002	0.66735023
5.8249998	0.66336745
5.8299999	0.65937114
5.835	0.65536577
5.8400002	0.65480769
5.8449998	0.65782756
5.8499999	0.66085804
5.855	0.66389614
5.8600001	0.66694182
5.8649998	0.66999519
5.8699999	0.67305636
5.875	0.67612553
5.8800001	0.67920196
5.8850002	0.68228644
5.8899999	0.68537414
5.895	0.68539357
5.9000001	0.68417436
5.9050002	0.68294877
5.9099998	0.68171817
5.915	0.68048209
5.9200001	0.6792407
5.9250002	0.67799413
5.9299998	0.67674232
5.9349999	0.67548448
5.9400001	0.67422205
5.9450002	0.6729517
5.9499998	0.67022574
5.9549999	0.66739064
5.96	0.66454536
5.9650002	0.66169024
5.9699998	0.65882504
5.9749999	0.65594971
5.98	0.65306449
5.9850001	0.65016913
5.9899998	0.64726323
5.9949999	0.64435005
6	0.64271557
6.0050001	0.64776742
6.0100002	0.65283817
6.0149999	0.65792298
6.02	0.66302162
6.0250001	0.66813374
6.0300002	0.67325932
6.0349998	0.67839783
6.04	0.68354988
6.0450001	0.68871552
6.0500002	0.69389397
6.0549998	0.69869709
6.0599999	0.70289373
6.0650001	0.70710021
6.0700002	0.711317
6.0749998	0.71554464
6.0799999	0.71978289
6.085	0.72403276
6.0900002	0.72829282
6.0949998	0.73256338
6.0999999	0.73684448
6.105	0.74112612
6.1100001	0.73909605
6.1149998	0.7330386
6.1199999	0.72695798
6.125	0.72085798
6.1300001	0.71473807
6.1350002	0.7085982
6.1399999	0.70243889
6.145	0.6962598
6.1500001	0.69006079
6.1550002	0.68384105
6.1599998	0.67761332
6.165	0.67880654
6.1700001	0.68144339
6.1750002	0.68408793
6.1799998	0.68673819
6.1849999	0.68939424
6.1900001	0.69205606
6.1950002	0.69472373
6.1999998	0.69739759
6.2049999	0.70007724
6.21	0.70276308
6.2150002	0.70560187
6.2199998	0.71049351
6.2249999	0.71540004
6.23	0.72031873
6.2350001	0.72524971
6.2399998	0.73019308
6.2449999	0.73514807
6.25	0.7401154
6.2550001	0.74509513
6.2600002	0.7500869
6.2649999	0.75509226
6.27	0.76078886
6.2750001	0.76812035
6.2800002	0.77547216
6.2849998	0.7828427
6.29	0.79023254
6.2950001	0.79764271
6.3000002	0.80507106
6.3049998	0.81251884
6.3099999	0.81998545
6.3150001	0.82747096
6.3200002	0.83496684
6.3249998	0.83796459
6.3299999	0.83686966
6.335	0.83576548
6.3400002	0.83465606
6.3449998	0.83354127
6.3499999	0.83242065
6.355	0.83129483
6.3600001	0.83016306
6.3649998	0.82902485
6.3699999	0.82788169
6.375	0.82672989
6.3800001	0.82408714
6.3850002	0.8209511
6.3899999	0.8178035
6.395	0.81464446
6.4000001	0.81147397
6.4050002	0.80829251
6.4099998	0.80509996
6.415	0.80189544
6.4200001	0.79867995
6.4250002	0.79545355
6.4299998	0.79222
6.4349999	0.79441631
6.4400001	0.79669321
6.4450002	0.79897422
6.4499998	0.8012588
6.4549999	0.80354738
6.46	0.80584013
6.4650002	0.808137
6.4699998	0.8104378
6.4749999	0.81274265
6.48	0.81505162
6.4850001	0.8180232
6.4899998	0.82335478
6.4949999	0.82870138
6.5	0.83406055
6.5050001	0.83943295
6.5100002	0.84481758
6.5149999	0.8502146
6.52	0.85562408
6.5250001	0.86104614
6.5300002	0.86648065
6.5349998	0.87192732
6.54	0.8774038
6.5450001	0.88291401
6.5500002	0.88843703
6.5549998	0.89397246
6.5599999	0.8995201
6.5650001	0.90508074
6.5700002	0.91065407
6.5749998	0.91624033
6.5799999	0.92183954
6.585	0.92745143
6.5900002	0.93307602
6.5949998	0.93394142
6.5999999	0.93262547
6.605	0.93129981
6.6100001	0.9299677
6.6149998	0.92862904
6.6199999	0.9272837
6.625	0.92593139
6.6300001	0.92457294
6.6350002	0.92320818
6.6399999	0.92183632
6.645	0.92045695
6.6500001	0.91453338
6.6550002	0.90820396
6.6599998	0.90185344
6.665	0.89548206
6.6700001	0.88909101
6.6750002	0.88267964
6.6799998	0.87624758
6.6849999	0.8697952
6.6900001	0.86332238
6.6950002	0.85682958
6.6999998	0.85004121
6.7049999	0.84177595
6.71	0.83348262
6.7150002	0.82516265
6.7199998	0.81681687
6.7249999	0.80844569
6.73	0.80005008
6.7350001	0.79162854
6.7399998	0.78318119
6.7449999	0.77470851
6.75	0.76621002
6.7550001	0.75991297
6.7600002	0.75698972
6.7649999	0.75406122
6.77	0.75112194
6.7750001	0.74817187
6.7800002	0.74521232
6.7849998	0.74224055
6.79	0.73925835
6.7950001	0.73626542
6.8000002	0.73326194
6.8049998	0.7302478
6.8099999	0.72881591
6.8150001	0.72829527
6.8200002	0.72777224
6.8249998	0.72724509
6.8299999	0.72671413
6.835	0.7261793
6.8400002	0.72564012
6.8449998	0.725097
6.8499999	0.72454983
6.855	0.72399825
6.8600001	0.72344291
6.8649998	0.72602081
6.8699999	0.72905678
6.875	0.73209947
6.8800001	0.7351476
6.8850002	0.73820108
6.8899999	0.74126017
6.895	0.74432468
6.9000001	0.74739474
6.9050002	0.75047022
6.9099998	0.7535513
6.915	0.75585192
6.9200001	0.75212234
6.9250002	0.74837071
6.9299998	0.74460596
6.9349999	0.74082768
6.9400001	0.73703712
6.9450002	0.73323345
6.9499998	0.7294172
6.9549999	0.72558838
6.96	0.72174639
6.9650002	0.71789175
6.9699998	0.71412563
6.9749999	0.71052879
6.98	0.70692056
6.9850001	0.70329988
6.9899998	0.69966686
6.9949999	0.69602156
7	0.69236362
7.0050001	0.68869245
7.0100002	0.68500972
7.0149999	0.68131435
7.02	0.67760658
7.0250001	0.67375392
7.0300002	0.6697998
7.0349998	0.66583258
7.04	0.66185236
7.0450001	0.65785927
7.0500002	0.65385318
7.0549998	0.64983356
7.0599999	0.64580071
7.0650001	0.64175469
7.0700002	0.63769472
7.0749998	0.63362193
7.0799999	0.63026774
7.085	0.62703973
7.0900002	0.62380105
7.0949998	0.62055117
7.0999999	0.61729014
7.105	0.61401772
7.1100001	0.61073464
7.1149998	0.60744095
7.1199999	0.60413527
7.125	0.60081875
7.1300001	0.59764832
7.1350002	0.59608781
7.1399999	0.59452266
7.145	0.592951
7.1500001	0.59137267
7.1550002	0.58978796
7.1599998	0.58819687
7.165	0.58659869
7.1700001	0.58499348
7.1750002	0.58338183
7.1799998	0.58176386
7.1849999	0.58103681
7.1900001	0.58209312
7.1950002	0.58315325
7.1999998	0.58421379
7.2049999	0.58527368
7.21	0.58633441
7.2150002	0.58739519
7.2199998	0.58845603
7.2249999	0.58951706
7.23	0.59057808
7.2350001	0.59163904
7.2399998	0.59271806
7.2449999	0.59380996
7.25	0.59490192
7.2550001	0.59599423
7.2600002	0.59708697
7.2649999	0.5981797
7.27	0.59927243
7.2750001	0.60036534
7.2800002	0.60145843
7.2849998	0.60255128
7.29	0.60364467
7.2950001	0.60671139
7.3000002	0.61019087
7.3049998	0.61367744
7.3099999	0.6171701
7.3150001	0.62066919
7.3200002	0.62417459
7.3249998	0.62768584
7.3299999	0.63120341
7.335	0.63472724
7.3400002	0.63825721
7.3449998	0.64198756
7.3499999	0.64798939
7.355	0.65400988
7.3600001	0.66004252
7.3649998	0.66608709
7.3699999	0.67214459
7.375	0.67821467
7.3800001	0.68429697
7.3850002	0.6903916
7.3899999	0.69649899
7.395	0.70261896
7.4000001	0.70809597
7.4050002	0.71225017
7.4099998	0.71640855
7.415	0.72057486
7.4200001	0.72474867
7.4250002	0.72892994
7.4299998	0.73311949
7.4349999	0.73731649
7.4400001	0.74152064
7.4450002	0.74573255
7.4499998	0.74995184
7.4549999	0.75244963
7.46	0.75370157
7.4650002	0.75495052
7.4699998	0.75619942
7.4749999	0.75744826
7.48	0.75869757
7.4850001	0.75994611
7.4899998	0.76119542
7.4949999	0.76244384
7.5	0.76369274
7.5050001	0.76494163
7.5100002	0.76744431
7.5149999	0.77020252
7.52	0.77296531
7.5250001	0.77573156
7.5300002	0.77850151
7.5349998	0.78127527
7.54	0.78405273
7.5450001	0.7868337
7.5500002	0.78961813
7.5549998	0.79240692
7.5599999	0.79532218
7.5650001	0.79952455
7.5700002	0.80373758
7.5749998	0.80795765
7.5799999	0.81218475
7.585	0.81641912
7.5900002	0.82066059
7.5949998	0.82490975
7.5999999	0.829166
7.605	0.83342922
7.6100001	0.83769971
7.6149998	0.84283555
7.6199999	0.84962827
7.625	0.85643804
7.6300001	0.86326134
7.6350002	0.87009805
7.6399999	0.8769486
7.645	0.88381338
7.6500001	0.89069176
7.6550002	0.89758337
7.6599998	0.90448904
7.665	0.91140783
7.6700001	0.91886866
7.6750002	0.92669958
7.6799998	0.93454713
7.6849999	0.94241017
7.6900001	0.95028865
7.6950002	0.95818341
7.6999998	0.96609443
7.7049999	0.97402072
7.71	0.98196167
7.7150002	0.98992121
7.7199998	0.9978959
7.7249999	1.0023102
7.73	1.0061228
7.7350001	1.0099391
7.7399998	1.0137612
7.7449999	1.017589
7.75	1.0214219
7.7550001	1.0252602
7.7600002	1.0291048
7.7649999	1.0329546
7.77	1.0368097
7.7750001	1.0406206
7.7800002	1.0440449
7.7849998	1.047473
7.79	1.0509061
7.7950001	1.0543437
7.8000002	1.0577859
7.8049998	1.0612322
7.8099999	1.0646834
7.8150001	1.068139
7.8200002	1.071599
7.8249998	1.0750637
7.8299999	1.0793905
7.835	1.0851593
7.8400002	1.0909418
7.8449998	1.0967345
7.8499999	1.1025369
7.855	1.1083499
7.8600001	1.1141741
7.8649998	1.1200078
7.8699999	1.1258519
7.875	1.1317061
7.8800001	1.1375706
7.8850002	1.1426934
7.8899999	1.1473904
7.895	1.1520936
7.9000001	1.1568046
7.9050002	1.1615225
7.9099998	1.1662481
7.915	1.1709808
7.9200001	1.1757206
7.9250002	1.1804683
7.9299998	1.1852233
7.9349999	1.1899859
7.9400001	1.1925585
7.9450002	1.1948764
7.9499998	1.1971947
7.9549999	1.1995147
7.96	1.2018363
7.9650002	1.2041589
7.9699998	1.2064829
7.9749999	1.208809
7.98	1.2111362
7.9850001	1.2134646
7.9899998	1.2156854
7.9949999	1.2173382
8	1.2189897
8.0050001	1.2206414
8.0100002	1.2222921
8.0150003	1.223943
8.0200005	1.2255937
8.0249996	1.2272445
8.0299997	1.2288948
8.0349998	1.2305444
8.04	1.2321939
8.0450001	1.2350134
8.0500002	1.2394202
8.0550003	1.2438375
8.0600004	1.2482615
8.0649996	1.2526919
8.0699997	1.2571285
8.0749998	1.2615712
8.0799999	1.2660214
8.085	1.2704769
8.0900002	1.2749395
8.0950003	1.2794083
8.1000004	1.2812885
8.1049995	1.2820003
8.1099997	1.2827059
8.1149998	1.283409
8.1199999	1.2841092
8.125	1.2848074
8.1300001	1.2855031
8.1350002	1.2861954
8.1400003	1.2868862
8.1450005	1.2875739
8.1499996	1.2882595
8.1549997	1.2881404
8.1599998	1.2879804
8.165	1.2878153
8.1700001	1.2876455
8.1750002	1.2874709
8.1800003	1.2872922
8.1850004	1.2871087
8.1899996	1.2869204
8.1949997	1.2867279
8.1999998	1.2865305
8.2049999	1.2859973
8.21	1.284324
8.2150002	1.28264
8.2200003	1.2809465
8.2250004	1.2792456
8.2299995	1.2775348
8.2349997	1.2758169
8.2399998	1.2740912
8.2449999	1.272357
8.25	1.270615
8.2550001	1.2688642
8.2600002	1.2658322
8.2650003	1.261489
8.2700005	1.257127
8.2749996	1.2527515
8.2799997	1.2483606
8.2849998	1.2439561
8.29	1.2395371
8.2950001	1.2351046
8.3000002	1.2306557
8.3050003	1.2261931
8.3100004	1.2217166
8.3149996	1.2187916
8.3199997	1.2163386
8.3249998	1.2138779
8.3299999	1.2114075
8.335	1.2089275
8.3400002	1.2064378
8.3450003	1.2039385
8.3500004	1.2014294
8.3549995	1.1989108
8.3599997	1.1963823
8.3649998	1.193944
8.3699999	1.1940378
8.375	1.1941345
8.3800001	1.1942276
8.3850002	1.1943169
8.3900003	1.1944029
8.3950005	1.1944848
8.3999996	1.1945634
8.4049997	1.1946384
8.4099998	1.1947097
8.415	1.1947773
8.4200001	1.1953095
8.4250002	1.1968784
8.4300003	1.19845
8.4350004	1.2000211
8.4399996	1.2015916
8.4449997	1.2031631
8.4499998	1.2047336
8.4549999	1.2063038
8.46	1.2078742
8.4650002	1.2094437
8.4700003	1.2110136
8.4750004	1.2124953
8.4799995	1.2139144
8.4849997	1.2153325
8.4899998	1.2167499
8.4949999	1.2181668
8.5	1.2195832
8.5050001	1.2209986
8.5100002	1.2224137
8.5150003	1.2238286
8.5200005	1.2252419
8.5249996	1.2266551
8.5299997	1.2285482
8.5349998	1.2305195
8.54	1.2324916
8.5450001	1.2344645
8.5500002	1.2364384
8.5550003	1.2384131
8.5600004	1.240388
8.5649996	1.2423636
8.5699997	1.2443398
8.5749998	1.2463173
8.5799999	1.2479421
8.585	1.2473764
8.5900002	1.2467979
8.5950003	1.2462149
8.6000004	1.2456262
8.6049995	1.2450321
8.6099997	1.2444332
8.6149998	1.2438296
8.6199999	1.2432199
8.625	1.2426053
8.6300001	1.2419863
8.6350002	1.2410103
8.6400003	1.2395364
8.6450005	1.2380537
8.6499996	1.2365645
8.6549997	1.2350671
8.6599998	1.2335634
8.665	1.2320517
8.6700001	1.2305337
8.6750002	1.2290075
8.6800003	1.2274746
8.6850004	1.2259343
8.6899996	1.2271538
8.6949997	1.2295835
8.6999998	1.2320195
8.7049999	1.2344571
8.71	1.2368966
8.7150002	1.2393382
8.7200003	1.2417817
8.7250004	1.2442266
8.7299995	1.2466731
8.7349997	1.2491214
8.7399998	1.2515715
8.7449999	1.2521868
8.75	1.2527528
8.7550001	1.2533157
8.7600002	1.2538756
8.7650003	1.2544339
8.7700005	1.2549895
8.7749996	1.2555425
8.7799997	1.2560934
8.7849998	1.2566419
8.79	1.254416
8.7950001	1.2485273
8.8000002	1.2480935
8.8050003	1.2476506
8.8100004	1.2472024
8.8149996	1.2467479
8.8199997	1.2462879
8.8249998	1.2458225
8.8299999	1.2453514
8.835	1.2448748
8.8400002	1.2443928
8.8450003	1.2439045
8.8500004	1.244658
8.8549995	1.2464584
8.8599997	1.2482622
8.8649998	1.2500656
8.8699999	1.2518681
8.875	1.2536706
8.8800001	1.2554723
8.8850002	1.2572733
8.8900003	1.2590741
8.8950005	1.2608747
8.8999996	1.2626742
8.9049997	1.262884
8.9099998	1.2627573
8.915	1.2626253
8.9200001	1.2624887
8.9250002	1.2623476
8.9300003	1.262202
8.9350004	1.2620522
8.9399996	1.2618983
8.9449997	1.26174
8.9499998	1.2615774
8.9549999	1.2609667
8.96	1.256953
8.9650002	1.2529199
8.9700003	1.2488728
8.9750004	1.2448144
8.9799995	1.240743
8.9849997	1.2366593
8.9899998	1.2325637
8.9949999	1.228456
9	1.2243354
9.0050001	1.2202022
9.0100002	1.2171476
9.0150003	1.2156999
9.0200005	1.2142497
9.0249996	1.2127935
9.0299997	1.2113314
9.0349998	1.2098614
9.04	1.2083851
9.0450001	1.2069023
9.0500002	1.2054129
9.0550003	1.2039167
9.0600004	1.2024138
9.0649996	1.2016699
9.0699997	1.2012624
9.0749998	1.2008514
9.0799999	1.2004369
9.085	1.2000179
9.0900002	1.1995946
9.0950003	1.1991671
9.1000004	1.198736
9.1049995	1.1983005
9.1099997	1.1978601
9.1149998	1.1974161
9.1199999	1.1933405
9.125	1.1891816
9.1300001	1.1850098
9.1350002	1.1808251
9.1400003	1.1766284
9.1450005	1.1724194
9.1499996	1.1681986
9.1549997	1.1639659
9.1599998	1.1597208
9.165	1.1565433
9.1700001	1.1541791
9.1750002	1.1485828
9.1800003	1.1429676
9.1850004	1.1373388
9.1899996	1.1316938
9.1949997	1.1260328
9.1999998	1.1203561
9.2049999	1.1146644
9.21	1.1089574
9.2150002	1.1032363
9.2200003	1.0975
9.2250004	1.0938295
9.2299995	1.0917335
9.2349997	1.0896335
9.2399998	1.0875268
9.2449999	1.0854125
9.25	1.0832903
9.2550001	1.081161
9.2600002	1.0790243
9.2650003	1.0768797
9.2700005	1.0747286
9.2749996	1.0725687
9.2799997	1.0689819
9.2849998	1.0651568
9.29	1.0613204
9.2950001	1.0574741
9.3000002	1.0536158
9.3050003	1.0497459
9.3100004	1.0458654
9.3149996	1.0419744
9.3199997	1.038072
9.3249998	1.034158
9.3299999	1.0307347
9.335	1.0299492
9.3400002	1.0291654
9.3450003	1.0283763
9.3500004	1.0275837
9.3549995	1.0267851
9.3599997	1.0259831
9.3649998	1.0251768
9.3699999	1.0243657
9.375	1.0235503
9.3800001	1.0227302
9.3850002	1.020977
9.3900003	1.0181113
9.3950005	1.0152352
9.3999996	1.0123496
9.4049997	1.0094553
9.4099998	1.0065523
9.415	1.0036408
9.4200001	1.0007197
9.4250002	0.99778986
9.4300003	0.99485141
9.4350004	0.9919039
9.4399996	0.98840141
9.4449997	0.98471123
9.4499998	0.98100901
9.4549999	0.97729665
9.46	0.97357488
9.4650002	0.96984261
9.4700003	0.96609968
9.4750004	0.96234691
9.4799995	0.95858294
9.4849997	0.95480895
9.4899998	0.95109594
9.4949999	0.94857538
9.5	0.94605005
9.5050001	0.94351608
9.5100002	0.94097435
9.5150003	0.93842477
9.5200005	0.93586713
9.5249996	0.93330234
9.5299997	0.93072987
9.5349998	0.92814952
9.54	0.92556119
9.5450001	0.92382604
9.5500002	0.92363071
9.5550003	0.92343611
9.5600004	0.92323905
9.5649996	0.9230386
9.5699997	0.92283607
9.5749998	0.92263001
9.5799999	0.9224211
9.585	0.9222098
9.5900002	0.92199576
9.5950003	0.92177838
9.6000004	0.92038488
9.6049995	0.91838348
9.6099997	0.91637385
9.6149998	0.91435778
9.6199999	0.91233486
9.625	0.9103052
9.6300001	0.90827006
9.6350002	0.90622747
9.6400003	0.90417814
9.6450005	0.90212262
9.6499996	0.90006071
9.6549997	0.89656425
9.6599998	0.89300507
9.665	0.88943577
9.6700001	0.88585663
9.6750002	0.88226819
9.6800003	0.87867057
9.6850004	0.87506306
9.6899996	0.87144578
9.6949997	0.86781865
9.6999998	0.86418128
9.7049999	0.86186683
9.71	0.86310643
9.7150002	0.86435527
9.7200003	0.86560416
9.7250004	0.86685342
9.7299995	0.86810285
9.7349997	0.86935264
9.7399998	0.87060368
9.7449999	0.87185454
9.75	0.87310553
9.7550001	0.87435704
9.7600002	0.8742516
9.7650003	0.87315947
9.7700005	0.87206042
9.7749996	0.87095654
9.7799997	0.86984843
9.7849998	0.86873674
9.79	0.86761969
9.7950001	0.86649758
9.8000002	0.86537194
9.8050003	0.86424118
9.8100004	0.86310649
9.8149996	0.8653686
9.8199997	0.86806357
9.8249998	0.87076408
9.8299999	0.87346709
9.835	0.87617368
9.8400002	0.87888372
9.8450003	0.88159716
9.8500004	0.88431418
9.8549995	0.8870343
9.8599997	0.88975763
9.8649998	0.89159453
9.8699999	0.88987094
9.875	0.88813257
9.8800001	0.886388
9.8850002	0.884637
9.8900003	0.88288063
9.8950005	0.88111901
9.8999996	0.87935144
9.9049997	0.8775779
9.9099998	0.87579858
9.915	0.8740139
9.9200001	0.87320471
9.9250002	0.87332761
9.9300003	0.87345159
9.9350004	0.87357372
9.9399996	0.87369341
9.9449997	0.87381154
9.9499998	0.87392807
9.9549999	0.87404221
9.96	0.87415493
9.9650002	0.87426591
9.9700003	0.87437403
9.9750004	0.8742817
9.9799995	0.87414438
9.9849997	0.8740043
9.9899998	0.87386215
9.9949999	0.87371755
10	0.87357104
10.005	0.87342215
10.01	0.87327033
10.015	0.87311649
10.02	0.87296009
10.025	0.87305081
10.03	0.87465417
10.035	0.87626421
10.04	0.87787539
10.045	0.87948668
10.05	0.88110054
10.055	0.88271481
10.06	0.88433039
10.065	0.88594663
10.07	0.88756466
10.075	0.88918382
10.08	0.89064938
10.085	0.89193308
10.09	0.89321697
10.095	0.89450127
10.1	0.89578587
10.105	0.89707041
10.11	0.89835596
10.115	0.89964235
10.12	0.90092838
10.125	0.90221566
10.13	0.90350318
10.135	0.90541255
10.14	0.90750331
10.145	0.90959662
10.15	0.91169202
10.155	0.91378975
10.16	0.91588944
10.165	0.91799098
10.17	0.92009497
10.175	0.9222011
10.18	0.92430872
10.185	0.92599535
10.19	0.9237045
10.195	0.92139602
10.2	0.91907954
10.205	0.91675711
10.21	0.91442776
10.215	0.91209161
10.22	0.90974873
10.225	0.90739948
10.23	0.90504366
10.235	0.90268135
10.24	0.90045673
10.245	0.89842761
10.25	0.89639366
10.255	0.89435315
10.26	0.89230764
10.265	0.89025581
10.27	0.88819677
10.275	0.88613176
10.28	0.88406122
10.285	0.88198447
10.29	0.87990183
10.295	0.88113129
10.3	0.88353187
10.305	0.88593978
10.31	0.88835037
10.315	0.89076328
10.32	0.893179
10.325	0.89559758
10.33	0.8980183
10.335	0.90044224
10.34	0.90286922
10.345	0.90510547
10.35	0.90457368
10.355	0.9040305
10.36	0.90348375
10.365	0.90293401
10.37	0.90238106
10.375	0.90182549
10.38	0.90126634
10.385	0.90070486
10.39	0.90014035
10.395	0.89957225
10.4	0.89892828
10.405	0.89816737
10.41	0.89740294
10.415	0.89663553
10.42	0.89586318
10.425	0.89508879
10.43	0.89431083
10.435	0.89352906
10.44	0.89274317
10.445	0.89195412
10.45	0.89116222
10.455	0.89101624
10.46	0.89112318
10.465	0.89122981
10.47	0.89133513
10.475	0.89143831
10.48	0.89153939
10.485	0.89163917
10.49	0.8917371
10.495	0.89183277
10.5	0.89192748
10.505	0.89192259
10.51	0.89000022
10.515	0.88806581
10.52	0.88612479
10.525	0.88417941
10.53	0.88222802
10.535	0.88027036
10.54	0.87830728
10.545	0.87633854
10.55	0.8743639
10.555	0.87238365
10.56	0.87091327
10.565	0.87028283
10.57	0.86965191
10.575	0.86901826
10.58	0.86838162
10.585	0.86774224
10.59	0.86709875
10.595	0.86645246
10.6	0.86580253
10.605	0.86515039
10.61	0.86449367
10.615	0.86282861
10.62	0.86074799
10.625	0.85865939
10.63	0.85656494
10.635	0.85446489
10.64	0.85235876
10.645	0.85024655
10.65	0.84812886
10.655	0.84600556
10.66	0.84387583
10.665	0.84181732
10.67	0.84137517
10.675	0.84093517
10.68	0.84049201
10.685	0.84004653
10.69	0.83959788
10.695	0.83914739
10.7	0.83869392
10.705	0.83823752
10.71	0.83777833
10.715	0.83731335
10.72	0.83766395
10.725	0.83934587
10.73	0.84102952
10.735	0.84271455
10.74	0.84440058
10.745	0.84608847
10.75	0.84777761
10.755	0.8494671
10.76	0.8511585
10.765	0.85285109
10.77	0.85454488
10.775	0.85529882
10.78	0.85568303
10.785	0.85606527
10.79	0.85644609
10.795	0.85682529
10.8	0.85720348
10.805	0.85758084
10.81	0.85795677
10.815	0.8583318
10.82	0.85870528
10.825	0.85906845
10.83	0.85927802
10.835	0.85948479
10.84	0.85969079
10.845	0.85989469
10.85	0.86009794
10.855	0.86029911
10.86	0.86049914
10.865	0.86069775
10.87	0.86089414
10.875	0.86108899
10.88	0.86075467
10.885	0.8596198
10.89	0.85847819
10.895	0.85733265
10.9	0.85618341
10.905	0.85503089
10.91	0.85387439
10.915	0.8527118
10.92	0.85154635
10.925	0.85037702
10.93	0.84920287
10.935	0.84971774
10.94	0.85082656
10.945	0.8519367
10.95	0.85304701
10.955	0.85415781
10.96	0.85526896
10.965	0.85637987
10.97	0.85749078
10.975	0.85860169
10.98	0.85971338
10.985	0.86059082
10.99	0.85894245
10.995	0.85728467
11	0.85562044
11.005	0.85395139
11.01	0.8522774
11.015	0.85059899
11.02	0.8489154
11.025	0.8472268
11.03	0.84553277
11.035	0.84383327
11.04	0.84289289
11.045	0.84296066
11.05	0.84302831
11.055	0.84309417
11.06	0.84315801
11.065	0.84322047
11.07	0.84328091
11.075	0.84333903
11.08	0.84339577
11.085	0.84345078
11.09	0.84350401
11.095	0.84241563
11.1	0.8409965
11.105	0.8395716
11.11	0.8381418
11.115	0.83670765
11.12	0.83526891
11.125	0.83382529
11.13	0.83237684
11.135	0.83092427
11.14	0.82946664
11.145	0.82840079
11.15	0.83005583
11.155	0.83171773
11.16	0.8333813
11.165	0.83504558
11.17	0.83671081
11.175	0.83837724
11.18	0.84004539
11.185	0.84171391
11.19	0.84338397
11.195	0.84505498
11.2	0.84586686
11.205	0.8457368
11.21	0.84560233
11.215	0.84546506
11.22	0.84532565
11.225	0.84518439
11.23	0.84504086
11.235	0.84489405
11.24	0.84474546
11.245	0.84459555
11.25	0.8444429
11.255	0.84545958
11.26	0.84671915
11.265	0.84797949
11.27	0.84924012
11.275	0.8505016
11.28	0.85176307
11.285	0.8530246
11.29	0.85428679
11.295	0.85554934
11.3	0.85681158
11.305	0.85794574
11.31	0.85850805
11.315	0.85906869
11.32	0.85962737
11.325	0.86018586
11.33	0.86074239
11.335	0.8612985
11.34	0.86185414
11.345	0.8624084
11.35	0.86296141
11.355	0.86351424
11.36	0.86383855
11.365	0.86396682
11.37	0.86409342
11.375	0.86421865
11.38	0.8643418
11.385	0.86446309
11.39	0.86458379
11.395	0.86470091
11.4	0.86481696
11.405	0.86493093
11.41	0.8650434
11.415	0.86405176
11.42	0.86292911
11.425	0.86180115
11.43	0.86066908
11.435	0.85953331
11.44	0.85839325
11.445	0.85724956
11.45	0.85610175
11.455	0.85494959
11.46	0.85379404
11.465	0.85267663
11.47	0.85167754
11.475	0.85067439
11.48	0.84966779
11.485	0.84865832
11.49	0.84764326
11.495	0.84662634
11.5	0.84560454
11.505	0.8445788
11.51	0.84355003
11.515	0.8425163
11.52	0.84263265
11.525	0.84346318
11.53	0.84429574
11.535	0.84512758
11.54	0.84595817
11.545	0.84678859
11.55	0.847619
11.555	0.84844857
11.56	0.84927779
11.565	0.85010576
11.57	0.85093385
11.575	0.85358769
11.58	0.85628325
11.585	0.8589828
11.59	0.86168468
11.595	0.86438954
11.6	0.86709672
11.605	0.86980677
11.61	0.87251937
11.615	0.87523502
11.62	0.87795377
11.625	0.87999225
11.63	0.88073784
11.635	0.88147819
11.64	0.882218
11.645	0.88295752
11.65	0.88369662
11.655	0.88443387
11.66	0.88517106
11.665	0.88590628
11.67	0.88664198
11.675	0.88737726
11.68	0.88978928
11.685	0.89288783
11.69	0.89599204
11.695	0.89909911
11.7	0.9022097
11.705	0.90532368
11.71	0.90844131
11.715	0.9115622
11.72	0.91468585
11.725	0.91781443
11.73	0.9206804
11.735	0.92050725
11.74	0.92032295
11.745	0.92013514
11.75	0.91994584
11.755	0.91975433
11.76	0.91955954
11.765	0.91936219
11.77	0.91916311
11.775	0.91896105
11.78	0.91875672
11.785	0.92039365
11.79	0.92428958
11.795	0.92819721
11.8	0.93210936
11.805	0.93602586
11.81	0.93994802
11.815	0.94387424
11.82	0.94780457
11.825	0.95173991
11.83	0.95568103
11.835	0.95962751
11.84	0.96266681
11.845	0.96550989
11.85	0.96835452
11.855	0.9712019
11.86	0.97405213
11.865	0.97690547
11.87	0.97976208
11.875	0.98262119
11.88	0.98548269
11.885	0.98834735
11.89	0.99179518
11.895	0.99764663
11.9	1.0035133
11.905	1.009388
11.91	1.0152713
11.915	1.0211622
11.92	1.0270612
11.925	1.0329685
11.93	1.038883
11.935	1.0448058
11.94	1.0507368
11.945	1.053642
11.95	1.0542574
11.955	1.0548636
11.96	1.055469
11.965	1.0560737
11.97	1.0566758
11.975	1.0572773
11.98	1.0578775
11.985	1.0584773
11.99	1.0590749
11.995	1.0596708
12	1.0604599
12.005	1.0612571
12.01	1.0620548
12.015	1.0628508
12.02	1.0636463
12.025	1.0644414
12.03	1.0652354
12.035	1.0660279
12.04	1.0668195
12.045	1.067611
12.05	1.0701461
12.055	1.0762852
12.06	1.0824456
12.065	1.0886124
12.07	1.0947872
12.075	1.100973
12.08	1.1071652
12.085	1.1133662
12.09	1.1195747
12.095	1.1257927
12.1	1.1320188
12.105	1.1346016
12.11	1.135666
12.115	1.1367241
12.12	1.1377815
12.125	1.1388386
12.13	1.1398952
12.135	1.1409509
12.14	1.1420062
12.145	1.143061
12.15	1.144116
12.155	1.1456732
12.16	1.1523215
12.165	1.1589959
12.17	1.1656792
12.175	1.1723717
12.18	1.1790744
12.185	1.1857857
12.19	1.1925057
12.195	1.1992344
12.2	1.2059722
12.205	1.2127194
12.21	1.2156738
12.215	1.2144115
12.22	1.2131306
12.225	1.2118453
12.23	1.2105553
12.235	1.2092602
12.24	1.2079614
12.245	1.2066574
12.25	1.2053488
12.255	1.2040356
12.26	1.2027184
12.265	1.2042794
12.27	1.2063164
12.275	1.2083549
12.28	1.2103945
12.285	1.2124368
12.29	1.2144793
12.295	1.2165231
12.3	1.2185684
12.305	1.2206141
12.31	1.2226611
12.315	1.2246423
12.32	1.2264209
12.325	1.2281986
12.33	1.229978
12.335	1.231758
12.34	1.2335391
12.345	1.23532
12.35	1.2371031
12.355	1.2388848
12.36	1.2406678
12.365	1.2424519
12.37	1.2442439
12.375	1.2460411
12.38	1.2478395
12.385	1.2496374
12.39	1.251436
12.395	1.2532364
12.4	1.2550364
12.405	1.2568376
12.41	1.2586403
12.415	1.2604425
12.42	1.2622359
12.425	1.2637405
12.43	1.2652436
12.435	1.2667493
12.44	1.2682549
12.445	1.2697593
12.45	1.2712641
12.455	1.2727689
12.46	1.2742749
12.465	1.2757806
12.47	1.2772857
12.475	1.2775003
12.48	1.2759626
12.485	1.2744125
12.49	1.2728585
12.495	1.2712982
12.5	1.2697343
12.505	1.2681656
12.51	1.266591
12.515	1.2650125
12.52	1.263428
12.525	1.2618396
12.53	1.261474
12.535	1.261378
12.54	1.2612801
12.545	1.2611798
12.55	1.2610774
12.555	1.2609724
12.56	1.2608657
12.565	1.2607564
12.57	1.2606436
12.575	1.2605294
12.58	1.2603574
12.585	1.2599877
12.59	1.2596133
12.595	1.2592349
12.6	1.2588564
12.605	1.2584734
12.61	1.2580874
12.615	1.2576978
12.62	1.2573076
12.625	1.2569134
12.63	1.2565163
12.635	1.2560322
12.64	1.255492
12.645	1.2549486
12.65	1.2544031
12.655	1.2538545
12.66	1.2533019
12.665	1.2527467
12.67	1.2521877
12.675	1.251626
12.68	1.251061
12.685	1.2505152
12.69	1.2510529
12.695	1.251593
12.7	1.2521316
12.705	1.252669
12.71	1.2532051
12.715	1.2537397
12.72	1.2542735
12.725	1.2548054
12.73	1.2553363
12.735	1.2558662
12.74	1.2548885
12.745	1.2518512
12.75	1.248798
12.755	1.2457379
12.76	1.2426708
12.765	1.2395957
12.77	1.2365146
12.775	1.2334257
12.78	1.23033
12.785	1.2272269
12.79	1.2241157
12.795	1.2228168
12.8	1.2218947
12.805	1.2209702
12.81	1.2200429
12.815	1.2191128
12.82	1.218178
12.825	1.21724
12.83	1.216298
12.835	1.2153525
12.84	1.2144047
12.845	1.2132347
12.85	1.2113557
12.855	1.2094698
12.86	1.2075769
12.865	1.2056804
12.87	1.2037779
12.875	1.20187
12.88	1.1999569
12.885	1.1980393
12.89	1.1961169
12.895	1.1941892
12.9	1.1920595
12.905	1.1898158
12.91	1.1875658
12.915	1.1853095
12.92	1.1830475
12.925	1.1807802
12.93	1.178507
12.935	1.1762289
12.94	1.1739452
12.945	1.1716552
12.95	1.1692244
12.955	1.164538
12.96	1.159834
12.965	1.1551199
12.97	1.1503966
12.975	1.1456622
12.98	1.1409194
12.985	1.1361673
12.99	1.1314054
12.995	1.1266333
13	1.1218525
13.005	1.1184492
13.01	1.1166072
13.015	1.1147672
13.02	1.1129229
13.025	1.1110734
13.03	1.109219
13.035	1.1073601
13.04	1.1054966
13.045	1.1036285
13.05	1.1017543
13.055	1.1114575
13.06	1.1109915
13.065	1.1091098
13.07	1.1072227
13.075	1.1053312
13.08	1.1034355
13.085	1.1015341
13.09	1.0996282
13.095	1.0977178
13.1	1.0958021
13.105	1.0938823
13.11	1.0914872
13.115	1.0879999
13.12	1.0845016
13.125	1.0809952
13.13	1.07748
13.135	1.0739598
13.14	1.0704298
13.145	1.0668935
13.15	1.0633479
13.155	1.0597962
13.16	1.0562365
13.165	1.0541667
13.17	1.0526737
13.175	1.051178
13.18	1.0496787
13.185	1.0481744
13.19	1.0466655
13.195	1.0451542
13.2	1.0436391
13.205	1.0421193
13.21	1.0405949
13.215	1.0391222
13.22	1.037982
13.225	1.0368392
13.23	1.0356915
13.235	1.0345412
13.24	1.0333861
13.245	1.0322281
13.25	1.0310644
13.255	1.0298982
13.26	1.0287273
13.265	1.0275524
13.27	1.0252301
13.275	1.0220194
13.28	1.0187968
13.285	1.0155673
13.29	1.0123302
13.295	1.009086
13.3	1.0058351
13.305	1.0025756
13.31	0.99930918
13.315	0.99603575
13.32	0.99275464
13.325	0.99173075
13.33	0.99073213
13.335	0.98973036
13.34	0.98872352
13.345	0.98771161
13.35	0.98669505
13.355	0.9856739
13.36	0.98464805
13.365	0.98361748
13.37	0.98258245
13.375	0.98099631
13.38	0.97864294
13.385	0.9762798
13.39	0.97391051
13.395	0.9715355
13.4	0.96915573
13.405	0.96676904
13.41	0.96437782
13.415	0.96197999
13.42	0.9595769
13.425	0.95232993
13.43	0.95179141
13.435	0.95255291
13.44	0.95331609
13.445	0.95407915
13.45	0.95484203
13.455	0.95560461
13.46	0.95636702
13.465	0.95712924
13.47	0.95789117
13.475	0.95865309
13.48	0.95906454
13.485	0.95856857
13.49	0.95806772
13.495	0.95756596
13.5	0.95706064
13.505	0.95655394
13.51	0.95604527
13.515	0.95553315
13.52	0.95501971
13.525	0.95450526
13.53	0.9539873
13.535	0.95056415
13.54	0.94595772
13.545	0.94133902
13.55	0.93671101
13.555	0.93207479
13.56	0.92743045
13.565	0.92277718
13.57	0.91811591
13.575	0.91344637
13.58	0.90876794
13.585	0.9052642
13.59	0.90855998
13.595	0.91187954
13.6	0.9152022
13.605	0.91852868
13.61	0.92185944
13.615	0.92519504
13.62	0.92853355
13.625	0.9318766
13.63	0.93522352
13.635	0.93857419
13.64	0.93894017
13.645	0.93718392
13.65	0.93541676
13.655	0.93364561
13.66	0.93187094
13.665	0.93009281
13.67	0.92831087
13.675	0.92652428
13.68	0.92473501
13.685	0.92293918
13.69	0.92117381
13.695	0.92064762
13.7	0.92012244
13.705	0.91959453
13.71	0.91906554
13.715	0.91853571
13.72	0.91800284
13.725	0.91746831
13.73	0.91693151
13.735	0.91639304
13.74	0.91585279
13.745	0.91477603
13.75	0.91308534
13.755	0.91138911
13.76	0.90968943
13.765	0.90798599
13.77	0.90627933
13.775	0.90456843
13.78	0.90285408
13.785	0.90113664
13.79	0.89941472
13.795	0.89768875
13.8	0.89607185
13.805	0.89446265
13.81	0.89284885
13.815	0.89123344
13.82	0.88961351
13.825	0.88798994
13.83	0.88636357
13.835	0.88473392
13.84	0.88310057
13.845	0.88146359
13.85	0.88046598
13.855	0.88062698
13.86	0.88079053
13.865	0.88095397
13.87	0.88111579
13.875	0.88127744
13.88	0.8814376
13.885	0.88159817
13.89	0.88175672
13.895	0.88191587
13.9	0.88207418
13.905	0.88279778
13.91	0.88365883
13.915	0.88452107
13.92	0.88538426
13.925	0.88624775
13.93	0.88711178
13.935	0.88797605
13.94	0.88884085
13.945	0.88970608
13.95	0.89057165
13.955	0.89088255
13.96	0.88956648
13.965	0.88824236
13.97	0.88691682
13.975	0.88558739
13.98	0.88425601
13.985	0.88291985
13.99	0.88158184
13.995	0.8802411
14	0.87889719
14.005	0.8775509
14.01	0.87765795
14.015	0.87837201
14.02	0.87908924
14.025	0.8798064
14.03	0.8805235
14.035	0.88124132
14.04	0.88195926
14.045	0.88267732
14.05	0.88339573
14.055	0.88411403
14.06	0.88423222
14.065	0.88123143
14.07	0.87821525
14.075	0.8751936
14.08	0.87216616
14.085	0.86913323
14.09	0.86609441
14.095	0.86305159
14.1	0.86000288
14.105	0.85694945
14.11	0.85389
14.115	0.85461289
14.12	0.8576867
14.125	0.86077344
14.13	0.86386538
14.135	0.86695993
14.14	0.87005764
14.145	0.87316006
14.15	0.87626702
14.155	0.87937695
14.16	0.88249099
14.165	0.88521075
14.17	0.883138
14.175	0.88104397
14.18	0.87894815
14.185	0.87684691
14.19	0.87474108
14.195	0.87263292
14.2	0.87052035
14.205	0.86840326
14.21	0.8662836
14.215	0.86416006
14.22	0.86392921
14.225	0.86533481
14.23	0.8667475
14.235	0.8681621
14.24	0.86957794
14.245	0.87099564
14.25	0.87241471
14.255	0.87383538
14.26	0.8752569
14.265	0.87668061
14.27	0.87810421
14.275	0.87799901
14.28	0.87788904
14.285	0.87777776
14.29	0.87766635
14.295	0.87755269
14.3	0.87743872
14.305	0.8773244
14.31	0.8772096
14.315	0.87709326
14.32	0.87697601
14.325	0.87595034
14.33	0.87387717
14.335	0.87179691
14.34	0.86971331
14.345	0.86762524
14.35	0.86553448
14.355	0.8634395
14.36	0.86134154
14.365	0.85923886
14.37	0.85713243
14.375	0.85502326
14.38	0.85617459
14.385	0.8575716
14.39	0.85897171
14.395	0.86037415
14.4	0.86177635
14.405	0.86318099
14.41	0.86458755
14.415	0.86599559
14.42	0.86740458
14.425	0.86881518
14.43	0.87141353
14.435	0.87577772
14.44	0.88015389
14.445	0.88453645
14.45	0.88892502
14.455	0.89331859
14.46	0.89771968
14.465	0.90212572
14.47	0.90653765
14.475	0.91095543
14.48	0.91538018
14.485	0.91506672
14.49	0.91405553
14.495	0.91303831
14.5	0.91201907
14.505	0.91099805
14.51	0.90997463
14.515	0.90894955
14.52	0.90792227
14.525	0.90689337
14.53	0.90586269
14.535	0.90555453
14.54	0.90660524
14.545	0.90766323
14.55	0.9087227
14.555	0.90978175
14.56	0.9108423
14.565	0.91190404
14.57	0.91296774
14.575	0.91403019
14.58	0.91509557
14.585	0.91616046
14.59	0.9169898
14.595	0.91776812
14.6	0.91854644
14.605	0.91932547
14.61	0.92010486
14.615	0.92088485
14.62	0.92166531
14.625	0.92244613
14.63	0.92322791
14.635	0.92401105
14.64	0.92518407
14.645	0.92725682
14.65	0.92933625
14.655	0.93141806
14.66	0.9335025
14.665	0.9355889
14.67	0.93767768
14.675	0.93977016
14.68	0.94186276
14.685	0.94395959
14.69	0.94605792
14.695	0.94395137
14.7	0.94066489
14.705	0.93736666
14.71	0.934062
14.715	0.93075311
14.72	0.92743921
14.725	0.92411971
14.73	0.92079544
14.735	0.91746557
14.74	0.91412979
14.745	0.91310966
14.75	0.91849011
14.755	0.92390281
14.76	0.92932123
14.765	0.93475056
14.77	0.94018483
14.775	0.94562632
14.78	0.95107579
14.785	0.95653278
14.79	0.96199715
14.795	0.96746868
14.8	0.96733576
14.805	0.96532768
14.81	0.96330643
14.815	0.96128201
14.82	0.95925409
14.825	0.9572224
14.83	0.95518792
14.835	0.95314986
14.84	0.95110786
14.845	0.94906211
14.85	0.94730657
14.855	0.94648254
14.86	0.94566125
14.865	0.94483674
14.87	0.9440127
14.875	0.94318515
14.88	0.94235647
14.885	0.94152641
14.89	0.94069397
14.895	0.9398604
14.9	0.93902618
14.905	0.93816519
14.91	0.93729311
14.915	0.93641895
14.92	0.93554366
14.925	0.93466657
14.93	0.93378687
14.935	0.93290597
14.94	0.93202412
14.945	0.93114048
14.95	0.93025243
14.955	0.93004167
14.96	0.93226391
14.965	0.93449211
14.97	0.93672311
14.975	0.93895698
14.98	0.94119179
14.985	0.94343042
14.99	0.94567233
14.995	0.94791669
15	0.95016301
15.005	0.95241231
15.01	0.95332855
15.015	0.95370865
15.02	0.9540869
15.025	0.95446515
15.03	0.95484388
15.035	0.95522213
15.04	0.95560026
15.045	0.95597887
15.05	0.95635748
15.055	0.95673597
15.06	0.95761395
15.065	0.9603644
15.07	0.96312314
15.075	0.96588582
15.08	0.96865165
15.085	0.97142237
15.09	0.9741953
15.095	0.97697115
15.1	0.97975093
15.105	0.98253387
15.11	0.98532051
15.115	0.98694354
15.12	0.98808724
15.125	0.98923099
15.13	0.99037588
15.135	0.99152154
15.14	0.99266797
15.145	0.9938153
15.15	0.99496365
15.155	0.9961139
15.16	0.9972654
15.165	0.99712247
15.17	0.99212623
15.175	0.98710537
15.18	0.98208016
15.185	0.97704625
15.19	0.97200513
15.195	0.96695608
15.2	0.9618988
15.205	0.95683485
15.21	0.95176214
15.215	0.94668275
15.22	0.94752806
15.225	0.95076787
15.23	0.9540202
15.235	0.95727628
15.24	0.96053594
15.245	0.96379954
15.25	0.96706742
15.255	0.97033954
15.26	0.97361499
15.265	0.97689503
15.27	0.97926301
15.275	0.97837996
15.28	0.97748387
15.285	0.97658485
15.29	0.97568554
15.295	0.97478342
15.3	0.97388005
15.305	0.97297496
15.31	0.97206855
15.315	0.97115886
15.32	0.97024775
15.325	0.96841383
15.33	0.96623051
15.335	0.96404237
15.34	0.96184897
15.345	0.95965153
15.35	0.9574523
15.355	0.95524955
15.36	0.95304209
15.365	0.95083177
15.37	0.94861764
15.375	0.9483673
15.38	0.95443004
15.385	0.96052068
15.39	0.96661937
15.395	0.97272545
15.4	0.97883898
15.405	0.98496163
15.41	0.99109143
15.415	0.99722928
15.42	1.003374
15.425	1.0095279
15.43	1.0074642
15.435	1.00264
15.44	0.99779832
15.445	0.9929511
15.45	0.988096
15.455	0.98323268
15.46	0.97836161
15.465	0.97348344
15.47	0.96859837
15.475	0.96370566
15.48	0.96088022
15.485	0.96379036
15.49	0.96672082
15.495	0.96965623
15.5	0.97259331
15.505	0.97553521
15.51	0.9784795
15.515	0.98142833
15.52	0.98437953
15.525	0.98733544
15.53	0.99029452
15.535	0.99201244
15.54	0.99338514
15.545	0.99475622
15.55	0.99612856
15.555	0.99750191
15.56	0.99887693
15.565	1.0002542
15.57	1.001632
15.575	1.0030106
15.58	1.0043912
15.585	1.0047015
15.59	1.0025407
15.595	1.0003693
15.6	0.99819314
15.605	0.99601316
15.61	0.99383003
15.615	0.99164259
15.62	0.98945212
15.625	0.987257
15.63	0.98505878
15.635	0.98285645
15.64	0.98395729
15.645	0.98577058
15.65	0.98758882
15.655	0.98940927
15.66	0.99122995
15.665	0.99305326
15.67	0.99487835
15.675	0.99670601
15.68	0.99853534
15.685	1.0003653
15.69	1.0009683
15.695	0.99927568
15.7	0.99757212
15.705	0.9958666
15.71	0.99415618
15.715	0.99244392
15.72	0.99072737
15.725	0.98900968
15.73	0.98728746
15.735	0.98556346
15.74	0.98383415
15.745	0.98690546
15.75	0.99067104
15.755	0.99444485
15.76	0.99822342
15.765	1.0020039
15.77	1.0057905
15.775	1.0095822
15.78	1.0133772
15.785	1.0171772
15.79	1.020982
15.795	1.023582
15.8	1.0244105
15.805	1.0252335
15.81	1.0260566
15.815	1.0268793
15.82	1.0277027
15.825	1.0285256
15.83	1.0293504
15.835	1.030174
15.84	1.0310005
15.845	1.031826
15.85	1.0296146
15.855	1.0271848
15.86	1.0247519
15.865	1.022314
15.87	1.0198716
15.875	1.0174259
15.88	1.0149752
15.885	1.012521
15.89	1.0100628
15.895	1.0076005
15.9	1.0070883
15.905	1.0087731
15.91	1.010468
15.915	1.0121644
15.92	1.0138623
15.925	1.0155613
15.93	1.0172617
15.935	1.0189642
15.94	1.0206679
15.945	1.0223726
15.95	1.0240682
15.955	1.0243814
15.96	1.0246867
15.965	1.0249925
15.97	1.0252979
15.975	1.0256034
15.98	1.025907
15.985	1.0262109
15.99	1.0265146
15.995	1.0268179
16	1.0271207
16.004999	1.0283368
16.01	1.0303135
16.014999	1.0322944
16.02	1.0342782
16.025	1.0362644
16.030001	1.038252
16.035	1.0402414
16.040001	1.0422312
16.045	1.0442249
16.049999	1.0462188
16.055	1.0476626
16.059999	1.0433892
16.065001	1.0390879
16.07	1.03478
16.075001	1.0304666
16.08	1.0261459
16.084999	1.021818
16.09	1.0174832
16.094999	1.0131413
16.1	1.0087929
16.105	1.0044392
16.110001	1.0046453
16.115	1.0075251
16.120001	1.0104192
16.125	1.0133164
16.129999	1.0162157
16.135	1.0191177
16.139999	1.0220242
16.145	1.0249341
16.15	1.0278463
16.155001	1.0307611
16.16	1.0334479
16.165001	1.0350686
16.17	1.0366887
16.174999	1.0383096
16.18	1.0399309
16.184999	1.0415528
16.190001	1.0431762
16.195	1.044801
16.200001	1.0464277
16.205	1.0480549
16.209999	1.0496845
16.215	1.0502102
16.219999	1.0503173
16.225	1.0504202
16.23	1.0505227
16.235001	1.050625
16.24	1.0507261
16.245001	1.0508269
16.25	1.0509269
16.254999	1.0510246
16.26	1.0511227
16.264999	1.0527691
16.27	1.058437
16.275	1.0641288
16.280001	1.0698262
16.285	1.075531
16.290001	1.0812413
16.295	1.0869592
16.299999	1.0926833
16.305	1.0984144
16.309999	1.1041528
16.315001	1.1098964
16.32	1.110584
16.325001	1.1102314
16.33	1.1098734
16.334999	1.1095129
16.34	1.1091516
16.344999	1.1087883
16.35	1.1084228
16.355	1.1080563
16.360001	1.1076891
16.365	1.1073195
16.370001	1.1065388
16.375	1.1051112
16.379999	1.1036777
16.385	1.1022394
16.389999	1.1007987
16.395	1.0993569
16.4	1.0979105
16.405001	1.0964614
16.41	1.0950087
16.415001	1.0935555
16.42	1.092096
16.424999	1.0960592
16.43	1.1003491
16.434999	1.1046466
16.440001	1.1089492
16.445	1.1132569
16.450001	1.1175697
16.455	1.1218848
16.459999	1.1262043
16.465	1.1305308
16.469999	1.1348622
16.475	1.1345236
16.48	1.129642
16.485001	1.1247331
16.49	1.1198158
16.495001	1.1148919
16.5	1.1099614
16.504999	1.1050224
16.51	1.1000754
16.514999	1.09512
16.52	1.0901593
16.525	1.0856751
16.530001	1.087508
16.535	1.0893692
16.540001	1.0912313
16.545	1.0930939
16.549999	1.0949581
16.555	1.0968243
16.559999	1.0986911
16.565001	1.1005584
16.57	1.10243
16.575001	1.1042999
16.58	1.1074944
16.584999	1.1114488
16.59	1.1154104
16.594999	1.1193759
16.6	1.1233461
16.605	1.1273208
16.610001	1.1312982
16.615	1.1352795
16.620001	1.1392657
16.625	1.1432564
16.629999	1.1454793
16.635	1.140889
16.639999	1.1362619
16.645	1.131628
16.65	1.1269867
16.655001	1.1223392
16.66	1.1176844
16.665001	1.1130222
16.67	1.1083515
16.674999	1.1036747
16.68	1.0989895
16.684999	1.1028774
16.690001	1.1092527
16.695	1.115649
16.700001	1.1220515
16.705	1.128462
16.709999	1.1348802
16.715	1.1413051
16.719999	1.1477362
16.725	1.1541746
16.73	1.1606203
16.735001	1.1641634
16.74	1.1623319
16.745001	1.1604708
16.75	1.1586072
16.754999	1.1567404
16.76	1.1548693
16.764999	1.1529958
16.77	1.1511172
16.775	1.1492341
16.780001	1.1473511
16.785	1.1454618
16.790001	1.1441607
16.795	1.1429079
16.799999	1.1416532
16.805	1.1403943
16.809999	1.139133
16.815001	1.1378683
16.82	1.1366007
16.825001	1.1353314
16.83	1.1340591
16.834999	1.1327829
16.84	1.1333647
16.844999	1.1357625
16.85	1.1381699
16.855	1.1405791
16.860001	1.1429905
16.865	1.1454046
16.870001	1.14782
16.875	1.1502373
16.879999	1.1526567
16.885	1.1550788
16.889999	1.1568781
16.895	1.1522352
16.9	1.1475562
16.905001	1.1428703
16.91	1.1381769
16.915001	1.1334738
16.92	1.1287656
16.924999	1.1240512
16.93	1.1193289
16.934999	1.1145974
16.940001	1.1098603
16.945	1.1059476
16.950001	1.1024371
16.955	1.0989225
16.959999	1.0954032
16.965	1.0918773
16.969999	1.0883446
16.975	1.0848083
16.98	1.0812668
16.985001	1.0777173
16.99	1.0741626
16.995001	1.0731775
17	1.0795619
17.004999	1.0859886
17.01	1.09242
17.014999	1.0988618
17.02	1.1053091
17.025	1.1117623
17.030001	1.1182247
17.035	1.1246938
17.040001	1.131171
17.045	1.1376534
17.049999	1.1350331
17.055	1.130735
17.059999	1.126424
17.065001	1.1221054
17.07	1.1177794
17.075001	1.1134461
17.08	1.1091081
17.084999	1.1047632
17.09	1.1004102
17.094999	1.096051
17.1	1.0939411
17.105	1.0947056
17.110001	1.0954826
17.115	1.0962601
17.120001	1.0970389
17.125	1.0978167
17.129999	1.098594
17.135	1.0993705
17.139999	1.1001478
17.145	1.1009266
17.15	1.1016567
17.155001	1.1010891
17.16	1.1005136
17.165001	1.0999379
17.17	1.0993587
17.174999	1.0987769
17.18	1.0981951
17.184999	1.0976102
17.190001	1.0970246
17.195	1.0964366
17.200001	1.0958472
17.205	1.0910641
17.209999	1.0838064
17.215	1.0765269
17.219999	1.0692366
17.225	1.0619348
17.23	1.054624
17.235001	1.0473024
17.24	1.0399693
17.245001	1.0326265
17.25	1.0299369
17.254999	1.0373137
17.26	1.0364517
17.264999	1.0355927
17.27	1.0347304
17.275	1.0338663
17.280001	1.0329988
17.285	1.0321302
17.290001	1.0312586
17.295	1.0303857
17.299999	1.0295112
17.305	1.0286318
17.309999	1.0283297
17.315001	1.028145
17.32	1.0279591
17.325001	1.0277711
17.33	1.0275823
17.334999	1.027393
17.34	1.0272032
17.344999	1.0270109
17.35	1.0268171
17.355	1.0266231
17.360001	1.0263853
17.365	1.0260912
17.370001	1.0257961
17.375	1.0254991
17.379999	1.0252012
17.385	1.0249013
17.389999	1.0246011
17.395	1.0242997
17.4	1.0239934
17.405001	1.023688
17.41	1.0233155
17.415001	1.0215623
17.42	1.0197994
17.424999	1.0180358
17.43	1.0162678
17.434999	1.0144958
17.440001	1.0127219
17.445	1.0109417
17.450001	1.0091605
17.455	1.0073746
17.459999	1.0055861
17.465	1.0048087
17.469999	1.0045638
17.475	1.0043194
17.48	1.0040743
17.485001	1.0038279
17.49	1.0035795
17.495001	1.0033298
17.5	1.0030793
17.504999	1.0028268
17.51	1.0025715
17.514999	1.0015355
17.52	0.99836975
17.525	0.99518996
17.530001	0.99200547
17.535	0.98881388
17.540001	0.98561859
17.545	0.98241967
17.549999	0.97921389
17.555	0.97600299
17.559999	0.97278714
17.565001	0.969567
17.57	0.96925336
17.575001	0.9693324
17.58	0.96941292
17.584999	0.96949154
17.59	0.96957099
17.594999	0.96964937
17.6	0.96972603
17.605	0.96980119
17.610001	0.96987718
17.615	0.96883118
17.620001	0.968252
17.625	0.9690814
17.629999	0.96991259
17.635	0.97074324
17.639999	0.97157449
17.645	0.97240579
17.65	0.97323734
17.655001	0.97406918
17.66	0.97490042
17.665001	0.97573191
17.67	0.97641134
17.674999	0.97601217
17.68	0.97560585
17.684999	0.97519815
17.690001	0.97478837
17.695	0.97437769
17.700001	0.97396559
17.705	0.97355264
17.709999	0.97313595
17.715	0.97271866
17.719999	0.97230166
17.725	0.97113293
17.73	0.96970469
17.735001	0.96827155
17.74	0.96683675
17.745001	0.96539819
17.75	0.9639582
17.754999	0.96251559
17.76	0.96106905
17.764999	0.95962048
17.77	0.95816946
17.775	0.95677447
17.780001	0.9554739
17.785	0.95417005
17.790001	0.95286483
17.795	0.95155746
17.799999	0.95024765
17.805	0.94893527
17.809999	0.94761962
17.815001	0.94629925
17.82	0.94498092
17.825001	0.94365788
17.83	0.94262707
17.834999	0.94159818
17.84	0.94056404
17.844999	0.93953055
17.85	0.93849307
17.855	0.93745416
17.860001	0.93641323
17.865	0.93537033
17.870001	0.93432516
17.875	0.93327677
17.879999	0.9313311
17.885	0.92885953
17.889999	0.92637873
17.895	0.92389405
17.9	0.92140734
17.905001	0.91891617
17.91	0.91642028
17.915001	0.91392189
17.92	0.91141874
17.924999	0.90891141
17.93	0.90716732
17.934999	0.90751064
17.940001	0.9078669
17.945	0.9082222
17.950001	0.90857738
17.955	0.90893328
17.959999	0.90928835
17.965	0.90964347
17.969999	0.90999776
17.975	0.91035211
17.98	0.91070634
17.985001	0.91264677
17.99	0.91476864
17.995001	0.91689134
18	0.91901541
18.004999	0.92114282
18.01	0.9232704
18.014999	0.9254005
18.02	0.92753261
18.025	0.92966712
18.030001	0.9318049
18.035	0.93155074
18.040001	0.929286
18.045	0.92700404
18.049999	0.92471862
18.055	0.9224295
18.059999	0.92013705
18.065001	0.91784054
18.07	0.91554153
18.075001	0.91323888
18.08	0.9109326
18.084999	0.9090957
18.09	0.90930068
18.094999	0.90951979
18.1	0.90973777
18.105	0.90995526
18.110001	0.910173
18.115	0.91038948
18.120001	0.91060692
18.125	0.91082525
18.129999	0.91103995
18.135	0.91125768
18.139999	0.90967304
18.145	0.90771455
18.15	0.9057495
18.155001	0.90378219
18.16	0.90181118
18.165001	0.89983571
18.17	0.89785933
18.174999	0.89588058
18.18	0.89389735
18.184999	0.89191073
18.190001	0.89218974
18.195	0.89492399
18.200001	0.89767987
18.205	0.90043944
18.209999	0.9032014
18.215	0.90596592
18.219999	0.90873373
18.225	0.91150403
18.23	0.91427922
18.235001	0.91705406
18.24	0.91909581
18.245001	0.91630626
18.25	0.91347456
18.254999	0.91063988
18.26	0.90779966
18.264999	0.90495688
18.27	0.90210909
18.275	0.89925778
18.280001	0.89640242
18.285	0.89354295
18.290001	0.89067942
18.295	0.88990068
18.299999	0.88970661
18.305	0.88951403
18.309999	0.88932103
18.315001	0.88912916
18.32	0.88893598
18.325001	0.88874131
18.33	0.888547
18.334999	0.88835168
18.34	0.88815433
18.344999	0.88770044
18.35	0.88692272
18.355	0.88614136
18.360001	0.88535661
18.365	0.88457048
18.370001	0.88378358
18.375	0.88299602
18.379999	0.88220596
18.385	0.88141537
18.389999	0.88062346
18.395	0.88007039
18.4	0.88163316
18.405001	0.8832165
18.41	0.88480186
18.415001	0.88639015
18.42	0.8879782
18.424999	0.88956743
18.43	0.89115876
18.434999	0.89275086
18.440001	0.89434469
18.445	0.89593941
18.450001	0.8973974
18.455	0.89881027
18.459999	0.90022421
18.465	0.90164107
18.469999	0.90305811
18.475	0.90447527
18.48	0.90589398
18.485001	0.9073149
18.49	0.90873736
18.495001	0.91016155
18.5	0.91125154
18.504999	0.9118917
18.51	0.91252798
18.514999	0.91316539
18.52	0.91380328
18.525	0.91444206
18.530001	0.91508073
18.535	0.91571939
18.540001	0.91635877
18.545	0.91699833
18.549999	0.91761065
18.555	0.91795194
18.559999	0.91828746
18.565001	0.91862726
18.57	0.91896391
18.575001	0.91930252
18.58	0.91964042
18.584999	0.91997886
18.59	0.92031586
18.594999	0.92065507
18.6	0.92099351
18.605	0.92015296
18.610001	0.91894299
18.615	0.91772801
18.620001	0.91650987
18.625	0.91529095
18.629999	0.91407073
18.635	0.91284811
18.639999	0.91162312
18.645	0.91039664
18.65	0.90916896
18.655001	0.90891731
18.66	0.90991622
18.665001	0.91092902
18.67	0.91194278
18.674999	0.91295797
18.68	0.91397464
18.684999	0.91499168
18.690001	0.91600919
18.695	0.91702962
18.700001	0.91804785
18.705	0.91887397
18.709999	0.91823113
18.715	0.91757005
18.719999	0.91690969
18.725	0.91624671
18.73	0.91558391
18.735001	0.9149183
18.74	0.91425502
18.745001	0.91358715
18.75	0.91291893
18.754999	0.91224974
18.76	0.91145808
18.764999	0.9106338
18.77	0.9098081
18.775	0.90897971
18.780001	0.90815061
18.785	0.90731984
18.790001	0.90648746
18.795	0.90565586
18.799999	0.90482193
18.805	0.90398669
18.809999	0.904728
18.815001	0.90720832
18.82	0.90971202
18.825001	0.91221887
18.83	0.91472757
18.834999	0.91724002
18.84	0.91975439
18.844999	0.92227095
18.85	0.92479128
18.855	0.92731428
18.860001	0.92939413
18.865	0.92916942
18.870001	0.92891884
18.875	0.92866963
18.879999	0.92841899
18.885	0.9281683
18.889999	0.92791438
18.895	0.9276638
18.9	0.92740792
18.905001	0.92715544
18.91	0.92690265
18.915001	0.92587429
18.92	0.92469758
18.924999	0.92351896
18.93	0.9223398
18.934999	0.92115897
18.940001	0.91997719
18.945	0.91879255
18.950001	0.91760677
18.955	0.91641939
18.959999	0.9152289
18.965	0.91428441
18.969999	0.9135524
18.975	0.91282099
18.98	0.91208774
18.985001	0.91135365
18.99	0.91061842
18.995001	0.90988225
19	0.9091447
19.004999	0.90840811
19.01	0.90766829
19.014999	0.90811139
19.02	0.91244143
19.025	0.91682261
19.030001	0.92120868
19.035	0.92559719
19.040001	0.92999327
19.045	0.93439412
19.049999	0.9387998
19.055	0.94321102
19.059999	0.94762886
19.065001	0.95204914
19.07	0.95024818
19.075001	0.94790709
19.08	0.94555992
19.084999	0.94320738
19.09	0.94085068
19.094999	0.93849188
19.1	0.93613082
19.105	0.93376744
19.110001	0.93139941
19.115	0.92899191
19.120001	0.93025088
19.125	0.93368608
19.129999	0.93712997
19.135	0.94057822
19.139999	0.94403011
19.145	0.9474861
19.15	0.95094615
19.155001	0.9544099
19.16	0.95787746
19.165001	0.96134996
19.17	0.96397185
19.174999	0.96487474
19.18	0.96577454
19.184999	0.96667236
19.190001	0.96757048
19.195	0.96847123
19.200001	0.96937501
19.205	0.97027767
19.209999	0.97118151
19.215	0.97208649
19.219999	0.973028
19.225	0.9748621
19.23	0.97670281
19.235001	0.97854781
19.24	0.98039073
19.245001	0.98223895
19.25	0.98408848
19.254999	0.98594105
19.26	0.98779428
19.264999	0.98965174
19.27	0.99150711
19.275	0.99141222
19.280001	0.99064177
19.285	0.98986852
19.290001	0.98909378
19.295	0.98831767
19.299999	0.98754072
19.305	0.98676223
19.309999	0.98598337
19.315001	0.9852035
19.32	0.98442191
19.325001	0.98361814
19.33	0.9827866
19.334999	0.98195332
19.34	0.98111963
19.344999	0.98028362
19.35	0.97944629
19.355	0.97860992
19.360001	0.97777277
19.365	0.97693223
19.370001	0.97609067
19.375	0.9752304
19.379999	0.97427809
19.385	0.97332561
19.389999	0.97237092
19.395	0.97141558
19.4	0.97045952
19.405001	0.96949905
19.41	0.96854079
19.415001	0.9675799
19.42	0.96661687
19.424999	0.96565825
19.43	0.96912807
19.434999	0.97318417
19.440001	0.97724777
19.445	0.98131847
19.450001	0.98539215
19.455	0.98947084
19.459999	0.99355614
19.465	0.99764425
19.469999	1.0017368
19.475	1.0058352
19.48	1.0103067
19.485001	1.0150249
19.49	1.0197505
19.495001	1.0244805
19.5	1.0292157
19.504999	1.0339572
19.51	1.0387042
19.514999	1.0434567
19.52	1.0482157
19.525	1.0529774
19.530001	1.0556462
19.535	1.0540481
19.540001	1.0524327
19.545	1.050815
19.549999	1.0491936
19.555	1.0475694
19.559999	1.0459445
19.565001	1.0443192
19.57	1.0426917
19.575001	1.0410615
19.58	1.0395957
19.584999	1.0409513
19.59	1.0423223
19.594999	1.0436931
19.6	1.0450664
19.605	1.0464399
19.610001	1.0478158
19.615	1.0491933
19.620001	1.0505724
19.625	1.0519513
19.629999	1.0533273
19.635	1.0512543
19.639999	1.04821
19.645	1.0451592
19.65	1.0421035
19.655001	1.0390428
19.66	1.0359799
19.665001	1.0329136
19.67	1.0298427
19.674999	1.0267698
19.68	1.0236957
19.684999	1.0230911
19.690001	1.0248191
19.695	1.0265578
19.700001	1.0282993
19.705	1.0300421
19.709999	1.0317866
19.715	1.0335327
19.719999	1.0352817
19.725	1.0370313
19.73	1.0387845
19.735001	1.0408127
19.74	1.0436546
19.745001	1.046502
19.75	1.0493551
19.754999	1.0522107
19.76	1.0550669
19.764999	1.0579278
19.77	1.060793
19.775	1.0636629
19.780001	1.0665352
19.785	1.0693991
19.790001	1.0670226
19.795	1.0645548
19.799999	1.0620868
19.805	1.0596151
19.809999	1.0571399
19.815001	1.0546635
19.82	1.0521835
19.825001	1.0496986
19.83	1.0472105
19.834999	1.0447307
19.84	1.0473962
19.844999	1.0520021
19.85	1.056622
19.855	1.0612476
19.860001	1.0658768
19.865	1.0705111
19.870001	1.075153
19.875	1.0798002
19.879999	1.0844519
19.885	1.0891008
19.889999	1.0902456
19.895	1.0874566
19.9	1.0846502
19.905001	1.0818408
19.91	1.0790273
19.915001	1.0762123
19.92	1.0733923
19.924999	1.0705671
19.93	1.0677413
19.934999	1.0649114
19.940001	1.0625328
19.945	1.0617623
19.950001	1.0609951
19.955	1.0602274
19.959999	1.059458
19.965	1.0586894
19.969999	1.0579184
19.975	1.0571469
19.98	1.0563722
19.985001	1.0555995
19.99	1.0548368
19.995001	1.0589601
20	1.0632675
20.004999	1.067579
20.01	1.0718951
20.014999	1.0762175
20.02	1.0805439
20.025	1.0848757
20.030001	1.0892121
20.035	1.0935541
20.040001	1.0978901
20.045	1.0988393
20.049999	1.0984664
20.055	1.0980875
20.059999	1.0977098
20.065001	1.09733
20.07	1.0969483
20.075001	1.096568
20.08	1.0961866
20.084999	1.0958037
20.09	1.0954183
20.094999	1.0941131
20.1	1.0917971
20.105	1.0894742
20.110001	1.0871481
20.115	1.0848205
20.120001	1.0824913
20.125	1.0801553
20.129999	1.0778182
20.135	1.0754781
20.139999	1.0731354
20.145	1.070507
20.15	1.066975
20.155001	1.0634348
20.16	1.0598918
20.165001	1.0563405
20.17	1.0527865
20.174999	1.0492293
20.18	1.0456686
20.184999	1.0421016
20.190001	1.0385309
20.195	1.0349897
20.200001	1.0427269
20.205	1.0505345
20.209999	1.0583538
20.215	1.0661805
20.219999	1.0740155
20.225	1.081862
20.23	1.0897145
20.235001	1.0975798
20.24	1.1054524
20.245001	1.1133014
20.25	1.1119301
20.254999	1.1076618
20.26	1.1033776
20.264999	1.099089
20.27	1.0947942
20.275	1.0904918
20.280001	1.0861852
20.285	1.0818744
20.290001	1.077558
20.295	1.0732454
20.299999	1.0714228
20.305	1.0718024
20.309999	1.0721903
20.315001	1.0725797
20.32	1.0729703
20.325001	1.0733597
20.33	1.073748
20.334999	1.0741376
20.34	1.0745282
20.344999	1.0749145
20.35	1.0743103
20.355	1.0714343
20.360001	1.0685463
20.365	1.0656552
20.370001	1.0627599
20.375	1.0598612
20.379999	1.0569568
20.385	1.0540512
20.389999	1.0511409
20.395	1.0482309
20.4	1.0457566
20.405001	1.0483642
20.41	1.050997
20.415001	1.0536312
20.42	1.0562656
20.424999	1.0589077
20.43	1.0615457
20.434999	1.0641934
20.440001	1.0668396
20.445	1.0694898
20.450001	1.0721291
20.455	1.0716416
20.459999	1.0706096
20.465	1.069573
20.469999	1.068535
20.475	1.0674964
20.48	1.0664562
20.485001	1.0654124
20.49	1.0643687
20.495001	1.0633228
20.5	1.0622826
20.504999	1.0628914
20.51	1.0644561
20.514999	1.0660269
20.52	1.0675962
20.525	1.0691668
20.530001	1.0707415
20.535	1.0723175
20.540001	1.0738932
20.545	1.0754699
20.549999	1.0770404
20.555	1.0766389
20.559999	1.073499
20.565001	1.0703436
20.57	1.067185
20.575001	1.0640227
20.58	1.0608561
20.584999	1.0576867
20.59	1.0545118
20.594999	1.0513325
20.6	1.048153
20.605	1.0458158
20.610001	1.0467042
20.615	1.0476037
20.620001	1.0485055
20.625	1.0494056
20.629999	1.0503087
20.635	1.0512123
20.639999	1.0521153
20.645	1.05302
20.65	1.0539227
20.655001	1.0548193
20.66	1.0538893
20.665001	1.0529425
20.67	1.0519943
20.674999	1.051046
20.68	1.0500934
20.684999	1.0491399
20.690001	1.0481855
20.695	1.0472295
20.700001	1.0462726
20.705	1.0453134
20.709999	1.0444459
20.715	1.0436039
20.719999	1.0427589
20.725	1.0419122
20.73	1.0410635
20.735001	1.0402163
20.74	1.0393676
20.745001	1.0385158
20.75	1.0376625
20.754999	1.0368155
20.76	1.0376613
20.764999	1.0397102
20.77	1.0417662
20.775	1.043826
20.780001	1.0458872
20.785	1.0479501
20.790001	1.0500139
20.795	1.0520798
20.799999	1.0541483
20.805	1.0562103
20.809999	1.0566955
20.815001	1.0546621
20.82	1.0526168
20.825001	1.0505695
20.83	1.04852
20.834999	1.0464652
20.84	1.0444083
20.844999	1.0423498
20.85	1.0402874
20.855	1.0382251
20.860001	1.0366615
20.865	1.0372479
20.870001	1.0378405
20.875	1.0384322
20.879999	1.0390239
20.885	1.0396167
20.889999	1.0402098
20.895	1.0408026
20.9	1.0413964
20.905001	1.0419886
20.91	1.0425652
20.915001	1.0400329
20.92	1.0374606
20.924999	1.0348858
20.93	1.0323079
20.934999	1.029724
20.940001	1.0271394
20.945	1.0245473
20.950001	1.021955
20.955	1.0193574
20.959999	1.0167729
20.965	1.0168753
20.969999	1.0176502
20.975	1.0184293
20.98	1.0192094
20.985001	1.0199902
20.99	1.0207692
20.995001	1.0215495
21	1.0223293
21.004999	1.0231105
21.01	1.0238818
21.014999	1.0229381
21.02	1.0209115
21.025	1.0188754
21.030001	1.0168363
21.035	1.0147953
21.040001	1.0127501
21.045	1.0107009
21.049999	1.0086504
21.055	1.0065964
21.059999	1.004549
21.065001	1.0042037
21.07	1.0061125
21.075001	1.0080349
21.08	1.0099586
21.084999	1.0118818
21.09	1.0138074
21.094999	1.0157341
21.1	1.0176617
21.105	1.019592
21.110001	1.0215234
21.115	1.0234749
21.120001	1.0254833
21.125	1.027493
21.129999	1.0295064
21.135	1.0315193
21.139999	1.0335332
21.145	1.0355512
21.15	1.0375684
21.155001	1.0395881
21.16	1.0416063
21.165001	1.0435328
21.17	1.0442584
21.174999	1.0449839
21.18	1.0457077
21.184999	1.046432
21.190001	1.0471545
21.195	1.047875
21.200001	1.0485983
21.205	1.0493218
21.209999	1.0500475
21.215	1.0507423
21.219999	1.0468674
21.225	1.0424289
21.23	1.0379839
21.235001	1.033537
21.24	1.0290806
21.245001	1.024619
21.25	1.0201491
21.254999	1.0156763
21.26	1.0111957
21.264999	1.0067036
21.27	1.0010303
21.275	0.99488997
21.280001	0.98874152
21.285	0.98258704
21.290001	0.97642457
21.295	0.97025418
21.299999	0.9640758
21.305	0.95788759
21.309999	0.95169193
21.315001	0.94552016
21.32	0.94424832
21.325001	0.94692343
21.33	0.94961476
21.334999	0.952308
21.34	0.9550032
21.344999	0.95770079
21.35	0.96039987
21.355	0.96310073
21.360001	0.96580547
21.365	0.97199214
21.370001	0.97832429
21.375	0.97685426
21.379999	0.97537416
21.385	0.97389191
21.389999	0.97240746
21.395	0.97091937
21.4	0.96942675
21.405001	0.967933
21.41	0.96643591
21.415001	0.96493989
21.42	0.96500486
21.424999	0.97037935
21.43	0.97577661
21.434999	0.98118103
21.440001	0.98659045
21.445	0.99200338
21.450001	0.99742192
21.455	1.0028466
21.459999	1.0082761
21.465	1.0137111
21.469999	1.018463
21.475	1.014195
21.48	1.0098829
21.485001	1.0055661
21.49	1.0012432
21.495001	0.99691278
21.5	0.99257785
21.504999	0.98823327
21.51	0.98388636
21.514999	0.97953194
21.52	0.97518313
21.525	0.97464085
21.530001	0.97447515
21.535	0.97431117
21.540001	0.97414446
21.545	0.97397673
21.549999	0.97381085
21.555	0.9736402
21.559999	0.97346944
21.565001	0.97329915
21.57	0.97311807
21.575001	0.97195196
21.58	0.97047305
21.584999	0.96898985
21.59	0.96750259
21.594999	0.96601355
21.6	0.9645232
21.605	0.96302879
21.610001	0.96153015
21.615	0.96003002
21.620001	0.95853931
21.625	0.95798343
21.629999	0.958018
21.635	0.9580524
21.639999	0.95808619
21.645	0.95812112
21.65	0.95815456
21.655001	0.95818585
21.66	0.95821649
21.665001	0.95824701
21.67	0.95827049
21.674999	0.95862746
21.68	0.95937991
21.684999	0.96013755
21.690001	0.96089578
21.695	0.96165156
21.700001	0.9624061
21.705	0.96316141
21.709999	0.96391755
21.715	0.96467263
21.719999	0.97111988
21.725	0.98152715
21.73	0.97681379
21.735001	0.97206831
21.74	0.96731377
21.745001	0.96255219
21.75	0.95778388
21.754999	0.95301038
21.76	0.948232
21.764999	0.94344693
21.77	0.9386552
21.775	0.93509406
21.780001	0.93702441
21.785	0.93898904
21.790001	0.94095439
21.795	0.94291866
21.799999	0.9448874
21.805	0.94685721
21.809999	0.94882631
21.815001	0.9507941
21.82	0.95276815
21.825001	0.95453721
21.83	0.95228654
21.834999	0.95000696
21.84	0.94772625
21.844999	0.94543868
21.85	0.94314915
21.855	0.94085866
21.860001	0.93855947
21.865	0.93625796
21.870001	0.93395537
21.875	0.9316467
21.879999	0.93047833
21.885	0.92942244
21.889999	0.92836231
21.895	0.92729932
21.9	0.92623496
21.905001	0.9251678
21.91	0.92410046
21.915001	0.92302603
21.92	0.92195302
21.924999	0.92087644
21.93	0.92351907
21.934999	0.92718875
21.940001	0.93087113
21.945	0.93455517
21.950001	0.93824434
21.955	0.94193596
21.959999	0.94562954
21.965	0.94932783
21.969999	0.95302927
21.975	0.95673287
21.98	0.95895201
21.985001	0.96040511
21.99	0.96185178
21.995001	0.96329963
22	0.96474606
22.004999	0.96619463
22.01	0.96764487
22.014999	0.9690944
22.02	0.97054458
22.025	0.97199625
22.030001	0.97143143
22.035	0.96912742
22.040001	0.96680874
22.045	0.96448606
22.049999	0.96215904
22.055	0.95982933
22.059999	0.9574948
22.065001	0.95515662
22.07	0.95281619
22.075001	0.95047146
22.08	0.94751787
22.084999	0.94371867
22.09	0.93990815
22.094999	0.93609208
22.1	0.93227023
22.105	0.92844343
22.110001	0.92461038
22.115	0.920775
22.120001	0.91693199
22.125	0.91308576
22.129999	0.91156864
22.135	0.91539991
22.139999	0.91927648
22.145	0.92315549
22.15	0.92703909
22.155001	0.93092507
22.16	0.93481588
22.165001	0.93870807
22.17	0.94260275
22.174999	0.94650424
22.18	0.95001733
22.184999	0.95188975
22.190001	0.95374799
22.195	0.95560646
22.200001	0.95747215
22.205	0.95933372
22.209999	0.96119928
22.215	0.9630636
22.219999	0.9649269
22.225	0.96679717
22.23	0.9680829
22.235001	0.96293265
22.24	0.95772707
22.245001	0.95251131
22.25	0.94729459
22.254999	0.94206768
22.26	0.93683589
22.264999	0.93159413
22.27	0.92634279
22.275	0.92109287
22.280001	0.91582823
22.285	0.91908705
22.290001	0.92260998
22.295	0.92613822
22.299999	0.92966831
22.305	0.93320066
22.309999	0.93673831
22.315001	0.94027811
22.32	0.94381881
22.325001	0.94736791
22.33	0.95091647
22.334999	0.94950283
22.34	0.94733983
22.344999	0.94516689
22.35	0.94298917
22.355	0.94081479
22.360001	0.93863004
22.365	0.93644422
22.370001	0.93425542
22.375	0.93206322
22.379999	0.92986888
22.385	0.9289211
22.389999	0.92834127
22.395	0.9277606
22.4	0.92718232
22.405001	0.92660064
22.41	0.92601913
22.415001	0.9254337
22.42	0.92484564
22.424999	0.92425883
22.43	0.92367005
22.434999	0.92348534
22.440001	0.92349172
22.445	0.92349792
22.450001	0.92350543
22.455	0.92350966
22.459999	0.92351413
22.465	0.9235183
22.469999	0.92352086
22.475	0.92352128
22.48	0.92352021
22.485001	0.92466295
22.49	0.92661071
22.495001	0.92856759
22.5	0.93052661
22.504999	0.93248528
22.51	0.93444395
22.514999	0.9364059
22.52	0.93836975
22.525	0.94033337
22.530001	0.94229764
22.535	0.94480258
22.540001	0.94785136
22.545	0.95090669
22.549999	0.95396525
22.555	0.95702553
22.559999	0.96008801
22.565001	0.9631533
22.57	0.96621883
22.575001	0.96929079
22.58	0.9723655
22.584999	0.97290277
22.59	0.96986085
22.594999	0.9667803
22.6	0.96369529
22.605	0.96060866
22.610001	0.95751494
22.615	0.95441574
22.620001	0.95131344
22.625	0.94820887
22.629999	0.94509947
22.635	0.94298518
22.639999	0.94286954
22.645	0.94277579
22.65	0.94268101
22.655001	0.94258326
22.66	0.94248664
22.665001	0.94238609
22.67	0.94229025
22.674999	0.94218856
22.68	0.94208616
22.684999	0.94139487
22.690001	0.93897855
22.695	0.93654358
22.700001	0.93410617
22.705	0.93166143
22.709999	0.92921597
22.715	0.92676908
22.719999	0.92431718
22.725	0.92185968
22.73	0.91940081
22.735001	0.91843659
22.74	0.92422813
22.745001	0.9300974
22.75	0.93597096
22.754999	0.94185263
22.76	0.94774038
22.764999	0.95363033
22.77	0.9595291
22.775	0.96543151
22.780001	0.97134
22.785	0.97619927
22.790001	0.97256565
22.795	0.96883667
22.799999	0.96509886
22.805	0.96135974
22.809999	0.95761395
22.815001	0.95386457
22.82	0.95010716
22.825001	0.94634771
22.83	0.94258368
22.834999	0.93915975
22.84	0.94348055
22.844999	0.94788998
22.85	0.95230287
22.855	0.95671731
22.860001	0.96114272
22.865	0.96556753
22.870001	0.96999925
22.875	0.97443527
22.879999	0.978872
22.885	0.98331678
22.889999	0.98576647
22.895	0.98815477
22.9	0.99054438
22.905001	0.9929353
22.91	0.99533045
22.915001	0.99772573
22.92	1.0001216
22.924999	1.0025244
22.93	1.0049262
22.934999	1.0073299
22.940001	1.0084478
22.945	1.009437
22.950001	1.0104212
22.955	1.0114053
22.959999	1.0123945
22.965	1.0133811
22.969999	1.014371
22.975	1.0153596
22.98	1.01635
22.985001	1.0173402
22.99	1.0134954
22.995001	1.00881
23	1.0041081
23.004999	0.99939942
23.01	0.99469072
23.014999	0.9899708
23.02	0.98524773
23.025	0.98051214
23.030001	0.97577792
23.035	0.97103703
23.040001	0.97118962
23.045	0.9725728
23.049999	0.97397214
23.055	0.97537303
23.059999	0.97677761
23.065001	0.97818065
23.07	0.97958392
23.075001	0.98098987
23.08	0.98239255
23.084999	0.98380095
23.09	0.98030508
23.094999	0.97516781
23.1	0.97000283
23.105	0.96482956
23.110001	0.95965052
23.115	0.95446682
23.120001	0.94927716
23.125	0.94408196
23.129999	0.93887883
23.135	0.93367124
23.139999	0.9326241
23.145	0.93333286
23.15	0.93406403
23.155001	0.93479538
23.16	0.93552774
23.165001	0.93625957
23.17	0.93699199
23.174999	0.9377256
23.18	0.93845791
23.184999	0.9391591
23.190001	0.94443721
23.195	0.95204139
23.200001	0.95966786
23.205	0.96730256
23.209999	0.97494346
23.215	0.98259199
23.219999	0.99025303
23.225	0.99791771
23.23	1.0055927
23.235001	1.013274
23.24	1.0167537
23.245001	1.0177101
23.25	1.0186568
23.254999	1.019605
23.26	1.0205519
23.264999	1.0215014
23.27	1.0224518
23.275	1.0234029
23.280001	1.0243535
23.285	1.0253036
23.290001	1.0235898
23.295	1.0200156
23.299999	1.0164284
23.305	1.0128355
23.309999	1.0092387
23.315001	1.0056403
23.32	1.0020366
23.325001	0.99842668
23.33	0.99481511
23.334999	0.99119908
23.34	0.98938644
23.344999	0.9890132
23.35	0.98864561
23.355	0.988276
23.360001	0.9879064
23.365	0.98753822
23.370001	0.98716813
23.375	0.98679632
23.379999	0.98642558
23.385	0.9860543
23.389999	0.98878664
23.395	0.99430287
23.4	0.99983692
23.405001	1.0053756
23.41	1.0109209
23.415001	1.0164725
23.42	1.0220301
23.424999	1.0275934
23.43	1.0331633
23.434999	1.0387378
23.440001	1.0409549
23.445	1.0398442
23.450001	1.0387192
23.455	1.0375932
23.459999	1.0364665
23.465	1.03534
23.469999	1.034211
23.475	1.0330782
23.48	1.0319455
23.485001	1.0308111
23.49	1.0301461
23.495001	1.0299909
23.5	1.0298377
23.504999	1.0296855
23.51	1.0295309
23.514999	1.0293748
23.52	1.0292201
23.525	1.0290642
23.530001	1.0289078
23.535	1.0287504
23.540001	1.0241661
23.545	1.0144227
23.549999	1.0046483
23.555	0.99486226
23.559999	0.98506629
23.565001	0.9752602
23.57	0.96544349
23.575001	0.95561242
23.58	0.94577074
23.584999	0.93593085
23.59	0.93473643
23.594999	0.94423634
23.6	0.95379341
23.605	0.96336019
23.610001	0.97293669
23.615	0.98252541
23.620001	0.99212497
23.625	1.0017309
23.629999	1.0113488
23.635	1.0209743
23.639999	1.0258701
23.645	1.0246446
23.65	1.0233924
23.655001	1.022137
23.66	1.0208807
23.665001	1.0196252
23.67	1.0183684
23.674999	1.0171088
23.68	1.0158458
23.684999	1.0145857
23.690001	1.0149873
23.695	1.0176055
23.700001	1.020237
23.705	1.0228702
23.709999	1.0255075
23.715	1.0281494
23.719999	1.0307934
23.725	1.0334401
23.73	1.0360872
23.735001	1.0387334
23.74	1.0384839
23.745001	1.0343068
23.75	1.0301058
23.754999	1.0259014
23.76	1.0216929
23.764999	1.0174791
23.77	1.0132598
23.775	1.0090386
23.780001	1.0048136
23.785	1.0005833
23.790001	0.99764663
23.795	0.99646801
23.799999	0.9952935
23.805	0.99411684
23.809999	0.99293864
23.815001	0.991763
23.82	0.99058658
23.825001	0.98940647
23.83	0.98822647
23.834999	0.98704773
23.84	0.9877252
23.844999	0.99088866
23.85	0.99406499
23.855	0.99724549
23.860001	1.0004308
23.865	1.0036184
23.870001	1.0068109
23.875	1.0100071
23.879999	1.0132059
23.885	1.0164126
23.889999	1.0202417
23.895	1.0248779
23.9	1.0295209
23.905001	1.0341699
23.91	1.0388266
23.915001	1.0434867
23.92	1.0481533
23.924999	1.052824
23.93	1.0574986
23.934999	1.0621767
23.940001	1.0643861
23.945	1.0635099
23.950001	1.0626211
23.955	1.0617322
23.959999	1.0608416
23.965	1.0599508
23.969999	1.059058
23.975	1.0581658
23.98	1.0572741
23.985001	1.0563782
23.99	1.0547544
23.995001	1.052271
24	1.0497789
24.004999	1.0472845
24.01	1.0447886
24.014999	1.0422909
24.02	1.0397904
24.025	1.0372871
24.030001	1.03478
24.035	1.0322744
24.040001	1.0304188
24.045	1.0292706
24.049999	1.0281254
24.055	1.0269817
24.059999	1.0258362
24.065001	1.024688
24.07	1.0235379
24.075001	1.0223904
24.08	1.0212409
24.084999	1.0200878
24.09	1.0192544
24.094999	1.0187441
24.1	1.0182337
24.105	1.0177212
24.110001	1.0172095
24.115	1.0166978
24.120001	1.0161852
24.125	1.0156727
24.129999	1.0151588
24.135	1.0146481
24.139999	1.014888
24.145	1.0158095
24.15	1.0167353
24.155001	1.0176634
24.16	1.0185915
24.165001	1.0195215
24.17	1.0204519
24.174999	1.0213844
24.18	1.0223216
24.184999	1.023261
24.190001	1.0257267
24.195	1.0294368
24.200001	1.033155
24.205	1.0368773
24.209999	1.040604
24.215	1.0443356
24.219999	1.0480723
24.225	1.0518119
24.23	1.0555565
24.235001	1.0593028
24.24	1.0624539
24.245001	1.065183
24.25	1.0679109
24.254999	1.0706441
24.26	1.0733809
24.264999	1.0761197
24.27	1.0788635
24.275	1.0816102
24.280001	1.0843605
24.285	1.0871184
24.290001	1.0911268
24.295	1.0959038
24.299999	1.10069
24.305	1.105478
24.309999	1.1102773
24.315001	1.1150807
24.32	1.1198851
24.325001	1.1246969
24.33	1.1295159
24.334999	1.1342994
24.34	1.125789
24.344999	1.1104126
24.35	1.0949939
24.355	1.0795546
24.360001	1.0641012
24.365	1.0486325
24.370001	1.0331461
24.375	1.0176437
24.379999	1.0021266
24.385	0.98664308
24.389999	0.98698354
24.395	0.99401689
24.4	1.0010836
24.405001	1.0081577
24.41	1.0152383
24.415001	1.0223293
24.42	1.0294286
24.424999	1.0365369
24.43	1.0436527
24.434999	1.050765
24.440001	1.0546669
24.445	1.0575042
24.450001	1.0603404
24.455	1.0631764
24.459999	1.0660187
24.465	1.0688635
24.469999	1.0717146
24.475	1.0745684
24.48	1.0774252
24.485001	1.0802791
24.49	1.0821582
24.495001	1.0837986
24.5	1.0854399
24.504999	1.0870792
24.51	1.0887254
24.514999	1.0903702
24.52	1.0920217
24.525	1.0936714
24.530001	1.095322
24.535	1.096969
24.540001	1.095306
24.545	1.093086
24.549999	1.0908562
24.555	1.0886285
24.559999	1.0863979
24.565001	1.0841666
24.57	1.0819315
24.575001	1.0796942
24.58	1.0774546
24.584999	1.0752196
24.59	1.0740111
24.594999	1.0729022
24.6	1.0717949
24.605	1.0706862
24.610001	1.0695723
24.615	1.0684577
24.620001	1.0673487
24.625	1.0662382
24.629999	1.0651209
24.635	1.0639968
24.639999	1.0608381
24.645	1.0576286
24.65	1.0544149
24.655001	1.0511893
24.66	1.0479673
24.665001	1.0447428
24.67	1.041514
24.674999	1.0382843
24.68	1.0350482
24.684999	1.0320702
24.690001	1.0341092
24.695	1.0361784
24.700001	1.038247
24.705	1.0403199
24.709999	1.0423934
24.715	1.044471
24.719999	1.0465515
24.725	1.0486348
24.73	1.0507179
24.735001	1.051751
24.74	1.0449187
24.745001	1.0380419
24.75	1.0311601
24.754999	1.0242753
24.76	1.0173846
24.764999	1.0104833
24.77	1.003574
24.775	0.99665874
24.780001	0.9897517
24.785	0.98575842
24.790001	0.99411666
24.795	1.0025386
24.799999	1.010972
24.805	1.0194141
24.809999	1.0278701
24.815001	1.0363342
24.82	1.0448085
24.825001	1.0532875
24.83	1.0617623
24.834999	1.0662632
24.84	1.0598625
24.844999	1.0534117
24.85	1.0469502
24.855	1.0404859
24.860001	1.0340167
24.865	1.0275383
24.870001	1.0210549
24.875	1.0145665
24.879999	1.0080849
24.885	1.0049492
24.889999	1.0080866
24.895	1.0112565
24.9	1.014433
24.905001	1.0176105
24.91	1.0207927
24.915001	1.023977
24.92	1.0271679
24.924999	1.030365
24.93	1.0335454
24.934999	1.0329915
24.940001	1.0275308
24.945	1.022046
24.950001	1.0165538
24.955	1.0110573
24.959999	1.0055606
24.965	1.0000559
24.969999	0.99454123
24.975	0.98902231
24.98	0.98351806
24.985001	0.98167694
24.99	0.98321885
24.995001	0.9847827
25	0.98634762
25.004999	0.98791212
25.01	0.9894799
25.014999	0.99105132
25.02	0.9926241
25.025	0.99419785
25.030001	0.99578041
25.035	0.99814904
25.040001	1.0010186
25.045	1.003895
25.049999	1.0067775
25.055	1.0096554
25.059999	1.0125414
25.065001	1.0154328
25.07	1.0183265
25.075001	1.0212228
25.08	1.0241164
25.084999	1.0254273
25.09	1.0260856
25.094999	1.0267385
25.1	1.0273961
25.105	1.0280558
25.110001	1.0287151
25.115	1.0293804
25.120001	1.0300401
25.125	1.0307028
25.129999	1.0313362
25.135	1.0260507
25.139999	1.0193321
25.145	1.0126045
25.15	1.0058737
25.155001	0.99913025
25.16	0.99238116
25.165001	0.98563117
25.17	0.97886974
25.174999	0.97209597
25.18	0.96538037
25.184999	0.96908909
25.190001	0.97384232
25.195	0.97859716
25.200001	0.98336518
25.205	0.98814267
25.209999	0.99291629
25.215	0.99769694
25.219999	1.0024884
25.225	1.0072832
25.23	1.0116705
25.235001	1.000952
25.24	0.99015135
25.245001	0.97934395
25.25	0.96852171
25.254999	0.95768636
25.26	0.94684583
25.264999	0.93598777
25.27	0.9251247
25.275	0.91426271
25.280001	0.90612817
25.285	0.91527152
25.290001	0.92449331
25.295	0.93372846
25.299999	0.94296771
25.305	0.95222336
25.309999	0.96149474
25.315001	0.97077119
25.32	0.98005813
25.325001	0.98934233
25.33	0.9962194
25.334999	0.99587601
25.34	0.9955045
25.344999	0.99513537
25.35	0.99476391
25.355	0.99439383
25.360001	0.99402142
25.365	0.99365211
25.370001	0.99328136
25.375	0.99290121
25.379999	0.99125832
25.385	0.98744488
25.389999	0.98361951
25.395	0.97979045
25.4	0.97595465
25.405001	0.97211504
25.41	0.96827179
25.415001	0.96442628
25.42	0.96057874
25.424999	0.95675111
25.43	0.95694691
25.434999	0.96131849
25.440001	0.96571219
25.445	0.97011203
25.450001	0.974518
25.455	0.97892803
25.459999	0.98334193
25.465	0.98776585
25.469999	0.99219054
25.475	0.99659956
25.48	0.99778104
25.485001	0.99695271
25.49	0.99611479
25.495001	0.99527615
25.5	0.99444169
25.504999	0.99360442
25.51	0.99276477
25.514999	0.99192476
25.52	0.99108684
25.525	0.99022061
25.530001	0.98519444
25.535	0.97875428
25.540001	0.97229701
25.545	0.96583641
25.549999	0.9593702
25.555	0.95289499
25.559999	0.94641161
25.565001	0.93992889
25.57	0.93342745
25.575001	0.92703098
25.58	0.93538964
25.584999	0.94577789
25.59	0.95618391
25.594999	0.96659905
25.6	0.9770326
25.605	0.98747116
25.610001	0.99792433
25.615	1.0083913
25.620001	1.0188631
25.625	1.0288466
25.629999	1.0216308
25.635	1.0143383
25.639999	1.0070355
25.645	0.99972397
25.65	0.99240559
25.655001	0.98507529
25.66	0.97774255
25.665001	0.97039813
25.67	0.96306664
25.674999	0.95915639
25.68	0.97208238
25.684999	0.98509073
25.690001	0.99810982
25.695	1.0111337
25.700001	1.024169
25.705	1.0372126
25.709999	1.0502683
25.715	1.0633281
