0.2	3.9288476
0.205	3.6725883
0.20999999	3.4527607
0.215	3.2562475
0.22	3.0542891
0.22499999	2.8809738
0.23	2.730633
0.235	2.5796094
0.23999999	2.4324849
0.245	2.3100021
0.25	2.2158453
0.255	2.1070321
0.25999999	2.0062249
0.26499999	1.9040375
0.27000001	1.8300594
0.27500001	1.7394438
0.28	1.6593891
0.285	1.5942912
0.28999999	1.5425706
0.29499999	1.485908
0.30000001	1.4202607
0.30500001	1.3731705
0.31	1.34784
0.315	1.2953293
0.31999999	1.2369608
0.32499999	1.2150751
0.33000001	1.1675507
0.33500001	1.1254265
0.34	1.101151
0.345	1.060081
0.34999999	1.0342132
0.35499999	1.0062041
0.36000001	0.98636889
0.36500001	0.96475172
0.37	0.93815899
0.375	0.92330229
0.38	0.90314829
0.38499999	0.9074434
0.38999999	0.88737744
0.39500001	0.87001693
0.40000001	0.8761856
0.405	0.8603611
0.41	0.85374409
0.41499999	0.84578037
0.41999999	0.84056032
0.42500001	0.85375255
0.43000001	0.86352062
0.435	0.86671823
0.44	0.88931847
0.44499999	0.91847134
0.44999999	0.95781505
0.45500001	0.9967131
0.46000001	1.0533103
0.465	1.1355325
0.47	1.2313395
0.47499999	1.3359162
0.47999999	1.4946904
0.48500001	1.687049
0.49000001	1.9137592
0.495	2.1825354
0.5	2.4966769
0.505	2.8451834
0.50999999	3.1885054
0.51499999	3.5066543
0.51999998	3.8120489
0.52499998	4.0901327
0.52999997	4.3765535
0.53500003	4.6156621
0.54000002	4.8141913
0.54500002	4.9961462
0.55000001	5.0676255
0.55500001	5.0656695
0.56	4.9838653
0.565	4.7894731
0.56999999	4.5244212
0.57499999	4.2216635
0.57999998	3.8560116
0.58499998	3.4888701
0.58999997	3.0755224
0.59500003	2.7171376
0.60000002	2.4094524
0.60500002	2.1321723
0.61000001	1.8953439
0.61500001	1.6609759
0.62	1.4839042
0.625	1.3401896
0.63	1.2009685
0.63499999	1.0889205
0.63999999	0.99752921
0.64499998	0.93483847
0.64999998	0.86691391
0.65499997	0.81013644
0.66000003	0.75315034
0.66500002	0.70896852
0.67000002	0.67602623
0.67500001	0.65062273
0.68000001	0.61422473
0.685	0.57523435
0.69	0.54945242
0.69499999	0.53645396
0.69999999	0.52456927
0.70499998	0.50803512
0.70999998	0.48813558
0.71499997	0.46289897
0.72000003	0.46828207
0.72500002	0.45521134
0.73000002	0.44225377
0.73500001	0.43816108
0.74000001	0.43276513
0.745	0.41967052
0.75	0.41090631
0.755	0.40454608
0.75999999	0.40239364
0.76499999	0.40453529
0.76999998	0.40133893
0.77499998	0.40373009
0.77999997	0.40247339
0.78500003	0.40700036
0.79000002	0.41082627
0.79500002	0.40933999
0.80000001	0.40859315
0.80500001	0.42188799
0.81	0.42250043
0.815	0.4296692
0.81999999	0.4378092
0.82499999	0.43918157
0.82999998	0.44244984
0.83499998	0.44744337
0.83999997	0.44751838
0.84500003	0.43749416
0.85000002	0.43404981
0.85500002	0.43164229
0.86000001	0.42829505
0.86500001	0.42042339
0.87	0.39913544
0.875	0.39141467
0.88	0.37368929
0.88499999	0.36049616
0.88999999	0.34583092
0.89499998	0.32716778
0.89999998	0.32214409
0.90499997	0.29854015
0.91000003	0.28765744
0.91500002	0.28464878
0.92000002	0.2787827
0.92500001	0.29317492
0.93000001	0.30877033
0.935	0.33148125
0.94	0.38120499
0.94499999	0.43844509
0.94999999	0.48389471
0.95499998	0.50117016
0.95999998	0.48603195
0.96499997	0.44772258
0.97000003	0.39412725
0.97500002	0.34732813
0.98000002	0.29486001
0.98500001	0.2570985
0.99000001	0.27156046
0.995	0.28552288
1	0.31729856
1.005	0.35820428
1.01	0.39885116
1.015	0.45236498
1.02	0.50730121
1.025	0.55313057
1.03	0.60077703
1.035	0.64302659
1.04	0.66662848
1.045	0.65554225
1.05	0.64155424
1.0549999	0.60483807
1.0599999	0.55865568
1.0650001	0.50640023
1.0700001	0.46726108
1.075	0.43089795
1.08	0.39901441
1.085	0.37892306
1.09	0.36310881
1.095	0.3436732
1.1	0.3307097
1.105	0.32842082
1.11	0.33085182
1.115	0.3111735
1.12	0.3149204
1.125	0.32014421
1.13	0.31456575
1.135	0.32034349
1.14	0.32480577
1.145	0.32182974
1.15	0.3234669
1.155	0.33127779
1.16	0.33660936
1.165	0.34154874
1.17	0.34653711
1.175	0.35652933
1.1799999	0.3593114
1.1849999	0.35260761
1.1900001	0.36122322
1.1950001	0.36958957
1.2	0.37129897
1.205	0.38402769
1.21	0.39613125
1.215	0.40471944
1.22	0.41163141
1.225	0.41669938
1.23	0.42597926
1.235	0.43467617
1.24	0.4430865
1.245	0.45467201
1.25	0.47645372
1.255	0.47850952
1.26	0.48987171
1.265	0.50563514
1.27	0.51930249
1.275	0.52918595
1.28	0.52976054
1.285	0.53986031
1.29	0.56747043
1.295	0.58095539
1.3	0.57842726
1.3049999	0.58314443
1.3099999	0.58701253
1.3150001	0.58305228
1.3200001	0.59197646
1.325	0.59380484
1.33	0.5892629
1.335	0.59439391
1.34	0.59909654
1.345	0.59842855
1.35	0.59484112
1.355	0.59674108
1.36	0.60389203
1.365	0.59931856
1.37	0.61499137
1.375	0.61141902
1.38	0.61299324
1.385	0.63104635
1.39	0.63052523
1.395	0.63213694
1.4	0.63607681
1.405	0.65453595
1.41	0.66803104
1.415	0.67752868
1.42	0.7027427
1.425	0.72713464
1.4299999	0.72717142
1.4349999	0.74660546
1.4400001	0.76873362
1.4450001	0.79810798
1.45	0.80703837
1.455	0.82426441
1.46	0.85140353
1.465	0.8950057
1.47	0.92953479
1.475	0.95798075
1.48	0.99248242
1.485	1.0401747
1.49	1.0969901
1.495	1.1470712
1.5	1.2107038
1.505	1.2903011
1.51	1.3591543
1.515	1.4199132
1.52	1.4747379
1.525	1.5188746
1.53	1.5679706
1.535	1.6200953
1.54	1.6704894
1.545	1.7372085
1.55	1.8298965
1.5549999	1.9410075
1.5599999	2.0890036
1.5650001	2.303354
1.5700001	2.5377743
1.575	2.8119206
1.58	3.0990219
1.585	3.3710754
1.59	3.5374715
1.595	3.6333859
1.6	3.6219208
1.605	3.4865882
1.61	3.2407558
1.615	2.9286177
1.62	2.5840373
1.625	2.2215228
1.63	1.9191996
1.635	1.6903768
1.64	1.5276288
1.645	1.3979073
1.65	1.3048513
1.655	1.2326586
1.66	1.1776755
1.665	1.1402984
1.67	1.1010253
1.675	1.0687346
1.6799999	1.0532924
1.6849999	1.0423638
1.6900001	1.0325409
1.6950001	1.0325716
1.7	1.0240425
1.705	1.015076
1.71	1.0232788
1.715	1.0280596
1.72	1.0337278
1.725	1.0377277
1.73	1.0543433
1.735	1.0608834
1.74	1.0559783
1.745	1.0667415
1.75	1.0937054
1.755	1.1078111
1.76	1.113408
1.765	1.1312175
1.77	1.1616968
1.775	1.2065113
1.78	1.2130473
1.785	1.2244071
1.79	1.2407569
1.795	1.2436421
1.8	1.2340189
1.8049999	1.2136413
1.8099999	1.1824126
1.8150001	1.1324437
1.8200001	1.0707777
1.825	1.0341337
1.83	1.0002218
1.835	0.97937912
1.84	0.94512278
1.845	0.91936046
1.85	0.90493703
1.855	0.91078067
1.86	0.90191108
1.865	0.88948613
1.87	0.90587282
1.875	0.92683226
1.88	0.93792474
1.885	0.97103673
1.89	1.020367
1.895	1.070906
1.9	1.1181437
1.905	1.1663182
1.91	1.1779363
1.915	1.170815
1.92	1.1347653
1.925	1.0684946
1.9299999	1.0054772
1.9349999	0.95550567
1.9400001	0.90905374
1.9450001	0.87677246
1.95	0.8714202
1.955	0.87537038
1.96	0.88210577
1.965	0.87025654
1.97	0.88442135
1.975	0.88834429
1.98	0.90006602
1.985	0.90460533
1.99	0.91567481
1.995	0.93217415
2	0.95306903
2.0050001	0.97541845
2.01	1.0039816
2.0150001	1.0333464
2.02	1.0441831
2.0250001	1.0550228
2.03	1.0693282
2.0350001	1.0654374
2.04	1.0508083
2.0450001	1.0454035
2.05	1.0303407
2.0550001	1.0127137
2.0599999	1.0034871
2.0650001	0.98495895
2.0699999	0.99254638
2.075	1.0182109
2.0799999	1.0201366
2.085	1.0104516
2.0899999	0.99177182
2.095	0.99594933
2.0999999	0.95939386
2.105	0.90492451
2.1099999	0.86316717
2.115	0.82673222
2.1199999	0.81627053
2.125	0.79107791
2.1300001	0.7885682
2.135	0.79277581
2.1400001	0.79248369
2.145	0.80129236
2.1500001	0.80654633
2.155	0.80711436
2.1600001	0.80627143
2.165	0.77893209
2.1700001	0.76944906
2.175	0.75976235
2.1800001	0.75000006
2.1849999	0.74012995
2.1900001	0.73009813
2.1949999	0.72019279
2.2	0.710307
2.2049999	0.70030463
2.21	0.69017947
2.2149999	0.68002135
2.22	0.6718424
2.2249999	0.67013848
2.23	0.66882569
2.2349999	0.66678882
2.24	0.66517651
2.2449999	0.6635958
2.25	0.66199571
2.2550001	0.66033936
2.26	0.65857935
2.2650001	0.65701103
2.27	0.65539235
2.2750001	0.65694296
2.28	0.66369003
2.2850001	0.67046177
2.29	0.67725527
2.2950001	0.68409896
2.3	0.69088531
2.3050001	0.69779181
2.3099999	0.70449674
2.3150001	0.71131587
2.3199999	0.71841741
2.325	0.7253533
2.3299999	0.7223205
2.335	0.71202761
2.3399999	0.70165801
2.345	0.69120127
2.3499999	0.68055165
2.355	0.67000377
2.3599999	0.65907109
2.365	0.64807433
2.3699999	0.63722456
2.375	0.62603092
2.3800001	0.61496079
2.385	0.60759324
2.3900001	0.60107803
2.395	0.59453028
2.4000001	0.58807987
2.405	0.58163589
2.4100001	0.57519317
2.415	0.56879407
2.4200001	0.56241417
2.425	0.55602533
2.4300001	0.54954737
2.4349999	0.54299498
2.4400001	0.54019147
2.4449999	0.53792155
2.45	0.53534269
2.4549999	0.53278166
2.46	0.53031027
2.4649999	0.52787411
2.47	0.52538931
2.4749999	0.52271104
2.48	0.51994896
2.4849999	0.51751781
2.49	0.51650953
2.4949999	0.52485925
2.5	0.53310162
2.5050001	0.54170388
2.51	0.55014223
2.5150001	0.55867213
2.52	0.56722677
2.5250001	0.57577747
2.53	0.58437258
2.5350001	0.59308827
2.54	0.60166615
2.5450001	0.60589188
2.55	0.6012221
2.5550001	0.59684318
2.5599999	0.5921393
2.5650001	0.58720988
2.5699999	0.58242273
2.575	0.57767886
2.5799999	0.5728904
2.585	0.56840533
2.5899999	0.56378084
2.595	0.55890471
2.5999999	0.55555999
2.605	0.55375928
2.6099999	0.55182946
2.615	0.54999214
2.6199999	0.54797488
2.625	0.54599959
2.6300001	0.54403698
2.635	0.54201829
2.6400001	0.53997797
2.645	0.53785747
2.6500001	0.5355323
2.655	0.53094846
2.6600001	0.5249837
2.665	0.51891714
2.6700001	0.51281935
2.675	0.50668931
2.6800001	0.50076258
2.6849999	0.49463162
2.6900001	0.48871434
2.6949999	0.48244765
2.7	0.47639132
2.7049999	0.47035795
2.71	0.46973366
2.7149999	0.47019655
2.72	0.47051468
2.7249999	0.47094673
2.73	0.47150731
2.7349999	0.47198474
2.74	0.47229534
2.7449999	0.47252455
2.75	0.47287303
2.7550001	0.4733828
2.76	0.4738048
2.7650001	0.47668892
2.77	0.47958314
2.7750001	0.48241523
2.78	0.48550108
2.7850001	0.48830608
2.79	0.49103838
2.7950001	0.49394345
2.8	0.49695975
2.8050001	0.49991307
2.8099999	0.50275248
2.8150001	0.5060336
2.8199999	0.51089674
2.825	0.51566178
2.8299999	0.52062505
2.835	0.52528971
2.8399999	0.53039002
2.845	0.53535378
2.8499999	0.54015654
2.855	0.54488701
2.8599999	0.54962677
2.865	0.55458802
2.8699999	0.5584358
2.875	0.56053621
2.8800001	0.56284434
2.885	0.56490201
2.8900001	0.56702459
2.895	0.56925023
2.9000001	0.57126468
2.905	0.57353228
2.9100001	0.57555932
2.915	0.57767057
2.9200001	0.57977146
2.925	0.58464515
2.9300001	0.59140354
2.9349999	0.5980795
2.9400001	0.6047343
2.9449999	0.61142892
2.95	0.61794484
2.9549999	0.62491232
2.96	0.63177252
2.9649999	0.63853049
2.97	0.64545143
2.9749999	0.65250331
2.98	0.67266941
2.9849999	0.69706684
2.99	0.72159785
2.9949999	0.74608046
3	0.77079397
3.0050001	0.79559565
3.01	0.82019776
3.0150001	0.84506238
3.02	0.87025332
3.0250001	0.89507061
3.03	0.92035592
3.0350001	0.90447229
3.04	0.887362
3.0450001	0.87013292
3.05	0.85253274
3.0550001	0.83490616
3.0599999	0.81708407
3.0650001	0.79913247
3.0699999	0.78121984
3.075	0.76332945
3.0799999	0.74553716
3.085	0.72956872
3.0899999	0.72439247
3.095	0.71917468
3.0999999	0.71411508
3.105	0.70893312
3.1099999	0.70384705
3.115	0.69896013
3.1199999	0.69384074
3.125	0.68856144
3.1300001	0.6834358
3.135	0.67837662
3.1400001	0.67594755
3.145	0.67887461
3.1500001	0.68197846
3.155	0.68480349
3.1600001	0.68759
3.165	0.69023275
3.1700001	0.69310051
3.175	0.69589955
3.1800001	0.6987415
3.1849999	0.70171154
3.1900001	0.7045995
3.1949999	0.70590401
3.2	0.70588237
3.2049999	0.70590329
3.21	0.70603484
3.2149999	0.70615703
3.22	0.70595151
3.2249999	0.70590311
3.23	0.70600247
3.2349999	0.70580405
3.24	0.70584542
3.2449999	0.70601547
3.25	0.70885515
3.2550001	0.71295643
3.26	0.71710342
3.2650001	0.72111648
3.27	0.72524232
3.2750001	0.72962433
3.28	0.7339133
3.2850001	0.73811495
3.29	0.74237806
3.2950001	0.74665391
3.3	0.75061572
3.3050001	0.75273317
3.3099999	0.75471389
3.3150001	0.75650311
3.3199999	0.75831366
3.325	0.76001674
3.3299999	0.7618205
3.335	0.76354814
3.3399999	0.76501542
3.345	0.76682305
3.3499999	0.76879156
3.355	0.76989216
3.3599999	0.76748288
3.365	0.76551259
3.3699999	0.76327133
3.375	0.76083809
3.3800001	0.75866818
3.385	0.75654739
3.3900001	0.75441414
3.395	0.75209439
3.4000001	0.7495572
3.405	0.74721116
3.4100001	0.74388671
3.415	0.73702073
3.4200001	0.72996747
3.425	0.7227847
3.4300001	0.71553993
3.4349999	0.70853817
3.4400001	0.70117605
3.4449999	0.69418287
3.45	0.68691891
3.4549999	0.67961842
3.46	0.67223835
3.4649999	0.6697681
3.47	0.67277497
3.4749999	0.67582679
3.48	0.67881721
3.4849999	0.68129176
3.49	0.68437374
3.4949999	0.68750644
3.5	0.69060743
3.5050001	0.69371325
3.51	0.69680476
3.5150001	0.70008719
3.52	0.70828426
3.5250001	0.71895415
3.53	0.72981709
3.5350001	0.74081337
3.54	0.75180775
3.5450001	0.76274627
3.55	0.77362376
3.5550001	0.7850309
3.5599999	0.79601723
3.5650001	0.80686837
3.5699999	0.81853408
3.575	0.82200468
3.5799999	0.82451737
3.585	0.82719123
3.5899999	0.83006835
3.595	0.83267665
3.5999999	0.83508921
3.605	0.83762026
3.6099999	0.84012324
3.615	0.84274471
3.6199999	0.84541297
3.625	0.84732682
3.6300001	0.84154069
3.635	0.83573741
3.6400001	0.82969314
3.645	0.82397264
3.6500001	0.81797934
3.655	0.81197232
3.6600001	0.80590314
3.665	0.79980379
3.6700001	0.793679
3.675	0.78746295
3.6800001	0.78209424
3.6849999	0.77899629
3.6900001	0.77572101
3.6949999	0.77259552
3.7	0.76954305
3.7049999	0.76653886
3.71	0.76319838
3.7149999	0.75996506
3.72	0.75692004
3.7249999	0.75383615
3.73	0.7505874
3.7349999	0.75284219
3.74	0.76228356
3.7449999	0.7717033
3.75	0.7810393
3.7550001	0.79021746
3.76	0.79967678
3.7650001	0.80938274
3.77	0.81875032
3.7750001	0.82860857
3.78	0.83823627
3.7850001	0.84815371
3.79	0.85725975
3.7950001	0.86581999
3.8	0.87440705
3.8050001	0.88302124
3.8099999	0.89166236
3.8150001	0.90033072
3.8199999	0.90902621
3.825	0.91774905
3.8299999	0.92649984
3.835	0.93528003
3.8399999	0.94408786
3.845	0.93829328
3.8499999	0.9293732
3.855	0.92041498
3.8599999	0.91141981
3.865	0.90238774
3.8699999	0.89331865
3.875	0.88421237
3.8800001	0.87506902
3.885	0.86588818
3.8900001	0.8566699
3.895	0.84761041
3.9000001	0.8480401
3.905	0.84847063
3.9100001	0.84889895
3.915	0.849325
3.9200001	0.84974867
3.925	0.85016996
3.9300001	0.85058868
3.9349999	0.85100514
3.9400001	0.85141945
3.9449999	0.85183132
3.95	0.85277581
3.9549999	0.85566717
3.96	0.85856605
3.9649999	0.86147165
3.97	0.86438435
3.9749999	0.86730373
3.98	0.87022972
3.9849999	0.87316239
3.99	0.87610191
3.9949999	0.87904805
4	0.8820008
4.0050001	0.88485557
4.0100002	0.88756704
4.0149999	0.89028436
4.02	0.89300752
4.0250001	0.89573646
4.0300002	0.89847153
4.0349998	0.90121311
4.04	0.9039607
4.0450001	0.90671438
4.0500002	0.9094739
4.0549998	0.91223943
4.0599999	0.91824538
4.0650001	0.92635381
4.0700002	0.93448842
4.0749998	0.94264835
4.0799999	0.95083308
4.085	0.95904285
4.0900002	0.96727842
4.0949998	0.97553861
4.0999999	0.98382604
4.105	0.99213994
4.1100001	1.000479
4.1149998	1.0145013
4.1199999	1.0299394
4.125	1.0454285
4.1300001	1.0609684
4.1350002	1.0765589
4.1399999	1.0922004
4.145	1.1078929
4.1500001	1.1236366
4.1550002	1.1394323
4.1599998	1.155278
4.165	1.1711473
4.1700001	1.1779575
4.1750002	1.1847839
4.1799998	1.1916299
4.1849999	1.1984954
4.1900001	1.2053802
4.1950002	1.2122848
4.1999998	1.219209
4.2049999	1.226153
4.21	1.2331169
4.2150002	1.2401
4.2199998	1.2448679
4.2249999	1.2407956
4.23	1.2367009
4.2350001	1.2325859
4.2399998	1.2284517
4.2449999	1.2242976
4.25	1.2201251
4.2550001	1.215933
4.2600002	1.2117221
4.2649999	1.2074921
4.27	1.2032425
4.2750001	1.2024807
4.2800002	1.2069557
4.2849998	1.211444
4.29	1.2159436
4.2950001	1.2204547
4.3000002	1.2249773
4.3049998	1.2295115
4.3099999	1.2340578
4.3150001	1.2386153
4.3200002	1.2431841
4.3249998	1.2477645
4.3299999	1.2504205
4.335	1.2517928
4.3400002	1.253165
4.3449998	1.2545373
4.3499999	1.2559102
4.355	1.2572834
4.3600001	1.2586569
4.3649998	1.2600307
4.3699999	1.2614051
4.375	1.2627798
4.3800001	1.2641551
4.3850002	1.2618651
4.3899999	1.2586504
4.395	1.2554194
4.4000001	1.2521729
4.4050002	1.2489111
4.4099998	1.2456338
4.415	1.2423413
4.4200001	1.2390329
4.4250002	1.2357087
4.4299998	1.2323697
4.4349999	1.2290282
4.4400001	1.2329544
4.4450002	1.2368921
4.4499998	1.2408392
4.4549999	1.2447959
4.46	1.248762
4.4650002	1.2527378
4.4699998	1.2567229
4.4749999	1.2607177
4.48	1.2647222
4.4850001	1.2685591
4.4899998	1.2733301
4.4949999	1.2834784
4.5	1.2936609
4.5050001	1.3038745
4.5100002	1.314121
4.5149999	1.3243982
4.52	1.3347057
4.5250001	1.3450443
4.5300002	1.3554138
4.5349998	1.3658144
4.54	1.3762457
4.5450001	1.3782506
4.5500002	1.3678916
4.5549998	1.3574842
4.5599999	1.3470371
4.5650001	1.3365492
4.5700002	1.3260217
4.5749998	1.3154496
4.5799999	1.3048369
4.585	1.2941836
4.5900002	1.2834902
4.5949998	1.272756
4.5999999	1.2654577
4.605	1.2603624
4.6100001	1.2552477
4.6149998	1.2501119
4.6199999	1.2449548
4.625	1.2397761
4.6300001	1.2345767
4.6350002	1.2293561
4.6399999	1.2241127
4.645	1.2188466
4.6500001	1.2135603
4.6550002	1.2119455
4.6599998	1.2111723
4.665	1.210394
4.6700001	1.2096095
4.6750002	1.2088187
4.6799998	1.2080219
4.6849999	1.2072189
4.6900001	1.2064093
4.6950002	1.2055939
4.6999998	1.2047725
4.7049999	1.2040004
4.71	1.2063107
4.7150002	1.2086275
4.7199998	1.2109487
4.7249999	1.213274
4.73	1.2156037
4.7350001	1.2179377
4.7399998	1.2202761
4.7449999	1.2226187
4.75	1.2249659
4.7550001	1.2273176
4.7600002	1.2302066
4.7649999	1.2349601
4.77	1.2397274
4.7750001	1.244507
4.7800002	1.2493002
4.7849998	1.2541057
4.79	1.2589239
4.7950001	1.2637548
4.8000002	1.268598
4.8049998	1.273454
4.8099999	1.2783226
4.8150001	1.2827994
4.8200002	1.2867491
4.8249998	1.2907079
4.8299999	1.2946763
4.835	1.2986542
4.8400002	1.3026415
4.8449998	1.3066388
4.8499999	1.3106467
4.855	1.3146638
4.8600001	1.3186904
4.8649998	1.3232714
4.8699999	1.3241941
4.875	1.3228861
4.8800001	1.3215686
4.8850002	1.320243
4.8899999	1.3189093
4.895	1.3175681
4.9000001	1.3162191
4.9050002	1.3148621
4.9099998	1.3134971
4.915	1.3121238
4.9200001	1.3107457
4.9250002	1.3170997
4.9299998	1.3249173
4.9349999	1.332759
4.9400001	1.3406227
4.9450002	1.348509
4.9499998	1.3564172
4.9549999	1.3643479
4.96	1.3723012
4.9650002	1.3802769
4.9699998	1.3882753
4.9749999	1.3963386
4.98	1.4051998
4.9850001	1.4140879
4.9899998	1.4230019
4.9949999	1.4319417
5	1.4409063
5.0050001	1.4498968
5.0100002	1.4589128
5.0149999	1.4679544
5.02	1.4770218
5.0250001	1.4861137
5.0300002	1.493373
5.0349998	1.4953767
5.04	1.4973787
5.0450001	1.4993833
5.0500002	1.5013907
5.0549998	1.5034004
5.0599999	1.5054131
5.0650001	1.5074286
5.0700002	1.5094467
5.0749998	1.5114676
5.0799999	1.5134903
5.085	1.5142121
5.0900002	1.513463
5.0949998	1.5127064
5.0999999	1.5119429
5.105	1.5111735
5.1100001	1.5103983
5.1149998	1.5096159
5.1199999	1.5088273
5.125	1.5080321
5.1300001	1.5072306
5.1350002	1.5064228
5.1399999	1.5050483
5.145	1.5034025
5.1500001	1.5017473
5.1550002	1.500083
5.1599998	1.4984097
5.165	1.4967277
5.1700001	1.4950365
5.1750002	1.493336
5.1799998	1.4916267
5.1849999	1.4899077
5.1900001	1.4881797
5.1950002	1.4866867
5.1999998	1.4852148
5.2049999	1.4837351
5.21	1.4822472
5.2150002	1.4807509
5.2199998	1.4792463
5.2249999	1.477733
5.23	1.4762117
5.2350001	1.474682
5.2399998	1.4731426
5.2449999	1.4706013
5.25	1.4595246
5.2550001	1.4483988
5.2600002	1.4372333
5.2649999	1.4260297
5.27	1.4147867
5.2750001	1.4035043
5.2800002	1.3921831
5.2849998	1.3808228
5.29	1.3694235
5.2950001	1.3579855
5.3000002	1.347545
5.3049998	1.3393034
5.3099999	1.3310345
5.3150001	1.3227363
5.3200002	1.3144095
5.3249998	1.3060504
5.3299999	1.2976614
5.335	1.2892436
5.3400002	1.2807964
5.3449998	1.27232
5.3499999	1.2638146
5.355	1.2557461
5.3600001	1.2480631
5.3649998	1.2403535
5.3699999	1.2326168
5.375	1.2248534
5.3800001	1.2170625
5.3850002	1.2092454
5.3899999	1.2014
5.395	1.1935257
5.4000001	1.1856242
5.4050002	1.1776972
5.4099998	1.1712115
5.415	1.1652067
5.4200001	1.1591815
5.4250002	1.1531351
5.4299998	1.1470671
5.4349999	1.1409779
5.4400001	1.1348677
5.4450002	1.1287357
5.4499998	1.1225824
5.4549999	1.1164085
5.46	1.1102089
5.4650002	1.1012373
5.4699998	1.0921196
5.4749999	1.0829713
5.48	1.0737923
5.4850001	1.0645823
5.4899998	1.0553421
5.4949999	1.0460711
5.5	1.0367693
5.5050001	1.0274371
5.5100002	1.0180752
5.5149999	1.0098349
5.52	1.0069247
5.5250001	1.0040084
5.5300002	1.0010809
5.5349998	0.99814212
5.54	0.99519241
5.5450001	0.99223185
5.5500002	0.98926055
5.5549998	0.98627841
5.5599999	0.98328525
5.5650001	0.9802807
5.5700002	0.97671008
5.5749998	0.97227156
5.5799999	0.96781677
5.585	0.96334684
5.5900002	0.95886165
5.5949998	0.95436102
5.5999999	0.94984376
5.605	0.94531101
5.6100001	0.94076276
5.6149998	0.93619859
5.6199999	0.93161947
5.625	0.92719144
5.6300001	0.92285454
5.6350002	0.91850334
5.6399999	0.91413724
5.645	0.909756
5.6500001	0.90536016
5.6550002	0.90094936
5.6599998	0.89652377
5.665	0.89208281
5.6700001	0.88762558
5.6750002	0.883156
5.6799998	0.88069022
5.6849999	0.878631
5.6900001	0.8765645
5.6950002	0.87449026
5.6999998	0.87240851
5.7049999	0.87031913
5.71	0.86822188
5.7150002	0.86611688
5.7199998	0.86400414
5.7249999	0.86188358
5.73	0.85955316
5.7350001	0.85340965
5.7399998	0.84724128
5.7449999	0.84105307
5.75	0.83484536
5.7550001	0.82861727
5.7600002	0.82236898
5.7649999	0.81610084
5.77	0.80981261
5.7750001	0.80350411
5.7800002	0.79717672
5.7849998	0.79173785
5.79	0.78873301
5.7950001	0.78571963
5.8000002	0.78269684
5.8049998	0.77966267
5.8099999	0.77661806
5.8150001	0.7735638
5.8200002	0.77049905
5.8249998	0.76742387
5.8299999	0.76433849
5.835	0.76124579
5.8400002	0.76038963
5.8449998	0.76185483
5.8499999	0.76332557
5.855	0.76479959
5.8600001	0.76627743
5.8649998	0.76775849
5.8699999	0.7692433
5.875	0.77073163
5.8800001	0.77222359
5.8850002	0.77371883
5.8899999	0.77521646
5.895	0.77584141
5.9000001	0.77611488
5.9050002	0.77638781
5.9099998	0.77666068
5.915	0.77693349
5.9200001	0.77720594
5.9250002	0.7774781
5.9299998	0.77775013
5.9349999	0.77802205
5.9400001	0.77829361
5.9450002	0.77856213
5.9499998	0.77660614
5.9549999	0.77449065
5.96	0.77236795
5.9650002	0.77023822
5.9699998	0.76810098
5.9749999	0.76595622
5.98	0.76380414
5.9850001	0.7616446
5.9899998	0.75947762
5.9949999	0.75730449
6	0.75574076
6.0050001	0.75737411
6.0100002	0.75901443
6.0149999	0.76065874
6.02	0.76230693
6.0250001	0.76395911
6.0300002	0.76561499
6.0349998	0.76727456
6.04	0.76893842
6.0450001	0.7706064
6.0500002	0.77227896
6.0549998	0.77446103
6.0599999	0.77745312
6.0650001	0.78045362
6.0700002	0.78346205
6.0749998	0.78647816
6.0799999	0.78950232
6.085	0.79253513
6.0900002	0.7955755
6.0949998	0.79862368
6.0999999	0.80167979
6.105	0.80474007
6.1100001	0.80545253
6.1149998	0.80466843
6.1199999	0.80387956
6.125	0.80308729
6.1300001	0.80229151
6.1350002	0.80149221
6.1399999	0.80068928
6.145	0.79988301
6.1500001	0.79907322
6.1550002	0.79825956
6.1599998	0.79744387
6.165	0.79756445
6.1700001	0.79786658
6.1750002	0.79816878
6.1799998	0.79847068
6.1849999	0.7987721
6.1900001	0.7990731
6.1950002	0.79937392
6.1999998	0.79967463
6.2049999	0.79997492
6.21	0.80027574
6.2150002	0.80071276
6.2199998	0.80305207
6.2249999	0.80539906
6.23	0.80775177
6.2350001	0.81010979
6.2399998	0.81247365
6.2449999	0.81484336
6.25	0.81721854
6.2550001	0.81959945
6.2600002	0.82198602
6.2649999	0.82437778
6.27	0.82662874
6.2750001	0.82853454
6.2800002	0.8304444
6.2849998	0.83235836
6.29	0.83427662
6.2950001	0.83619934
6.3000002	0.8381266
6.3049998	0.84005785
6.3099999	0.84199339
6.3150001	0.84393317
6.3200002	0.84587801
6.3249998	0.84816796
6.3299999	0.8507725
6.335	0.85338366
6.3400002	0.85600078
6.3449998	0.85862398
6.3499999	0.86125326
6.355	0.86388916
6.3600001	0.86653066
6.3649998	0.86917955
6.3699999	0.87183416
6.375	0.8744899
6.3800001	0.87432951
6.3850002	0.87324834
6.3899999	0.87216163
6.395	0.87107044
6.4000001	0.86997473
6.4050002	0.86887449
6.4099998	0.8677696
6.415	0.86665976
6.4200001	0.86554569
6.4250002	0.86442745
6.4299998	0.86330891
6.4349999	0.86523938
6.4400001	0.86721826
6.4450002	0.86920172
6.4499998	0.87118948
6.4549999	0.8731814
6.46	0.87517738
6.4650002	0.87717766
6.4699998	0.87918216
6.4749999	0.88119066
6.48	0.88320351
6.4850001	0.88518894
6.4899998	0.88706738
6.4949999	0.88895041
6.5	0.89083695
6.5050001	0.89272773
6.5100002	0.89462233
6.5149999	0.89652056
6.52	0.89842254
6.5250001	0.90032852
6.5300002	0.90223849
6.5349998	0.90415192
6.54	0.90597254
6.5450001	0.90767962
6.5500002	0.90938985
6.5549998	0.91110337
6.5599999	0.91281992
6.5650001	0.91453952
6.5700002	0.91626257
6.5749998	0.9179889
6.5799999	0.9197185
6.585	0.92145127
6.5900002	0.92318773
6.5949998	0.92389983
6.5999999	0.9241423
6.605	0.92438322
6.6100001	0.92462337
6.6149998	0.92486238
6.6199999	0.92510027
6.625	0.92533726
6.6300001	0.92557341
6.6350002	0.92580819
6.6399999	0.92604184
6.645	0.92627436
6.6500001	0.92383093
6.6550002	0.92115039
6.6599998	0.91846007
6.665	0.91576052
6.6700001	0.9130519
6.6750002	0.91033363
6.6799998	0.90760601
6.6849999	0.90486914
6.6900001	0.90212309
6.6950002	0.89936757
6.6999998	0.89647126
6.7049999	0.89286906
6.71	0.88925397
6.7150002	0.88562649
6.7199998	0.88198704
6.7249999	0.87833554
6.73	0.87467259
6.7350001	0.87099791
6.7399998	0.86731106
6.7449999	0.86361217
6.75	0.85990137
6.7550001	0.8573997
6.7600002	0.85674965
6.7649999	0.85609901
6.77	0.85544455
6.7750001	0.85478705
6.7800002	0.8541261
6.7849998	0.85346162
6.79	0.8527931
6.7950001	0.85212117
6.8000002	0.85144585
6.8049998	0.85076714
6.8099999	0.8501808
6.8150001	0.84964627
6.8200002	0.84910876
6.8249998	0.84856832
6.8299999	0.84802467
6.835	0.84747779
6.8400002	0.8469277
6.8449998	0.84637487
6.8499999	0.8458184
6.855	0.84525853
6.8600001	0.84469551
6.8649998	0.84311825
6.8699999	0.84138936
6.875	0.83965331
6.8800001	0.83791083
6.8850002	0.83616191
6.8899999	0.83440655
6.895	0.83264482
6.9000001	0.83087653
6.9050002	0.82910174
6.9099998	0.82732028
6.915	0.82545948
6.9200001	0.82303083
6.9250002	0.82059294
6.9299998	0.81814647
6.9349999	0.81569153
6.9400001	0.81322813
6.9450002	0.81075627
6.9499998	0.80827618
6.9549999	0.80578768
6.96	0.80329061
6.9650002	0.8007853
6.9699998	0.79860055
6.9749999	0.79700047
6.98	0.79539537
6.9850001	0.7937845
6.9899998	0.79216754
6.9949999	0.79054445
7	0.78891504
7.0050001	0.78727949
7.0100002	0.78563786
7.0149999	0.78399032
7.02	0.78233647
7.0250001	0.78072584
7.0300002	0.77914238
7.0349998	0.77755296
7.04	0.77595758
7.0450001	0.77435678
7.0500002	0.77274954
7.0549998	0.7711367
7.0599999	0.76951742
7.0650001	0.7678926
7.0700002	0.76626146
7.0749998	0.76462394
7.0799999	0.7630775
7.085	0.76154363
7.0900002	0.76000398
7.0949998	0.75845861
7.0999999	0.75690764
7.105	0.75535083
7.1100001	0.75378817
7.1149998	0.75222003
7.1199999	0.75064582
7.125	0.74906576
7.1300001	0.74756241
7.1350002	0.74690354
7.1399999	0.74624258
7.145	0.74557793
7.1500001	0.74491036
7.1550002	0.74423915
7.1599998	0.7435649
7.165	0.74288678
7.1700001	0.74220526
7.1750002	0.74152058
7.1799998	0.74083245
7.1849999	0.74013174
7.1900001	0.73940921
7.1950002	0.73868299
7.1999998	0.73795331
7.2049999	0.73722029
7.21	0.73648334
7.2150002	0.73574287
7.2199998	0.73499882
7.2249999	0.73425108
7.23	0.73349953
7.2350001	0.73274469
7.2399998	0.7324174
7.2449999	0.73239839
7.25	0.73237836
7.2550001	0.73235661
7.2600002	0.73233312
7.2649999	0.73230791
7.27	0.73228109
7.2750001	0.73225278
7.2800002	0.73222268
7.2849998	0.73219061
7.29	0.73215693
7.2950001	0.73320538
7.3000002	0.73447895
7.3049998	0.73575473
7.3099999	0.73703235
7.3150001	0.73831183
7.3200002	0.73959285
7.3249998	0.74087572
7.3299999	0.74216038
7.335	0.74344671
7.3400002	0.74473459
7.3449998	0.74621361
7.3499999	0.74989653
7.355	0.75359231
7.3600001	0.75729668
7.3649998	0.76100874
7.3699999	0.76472908
7.375	0.76845729
7.3800001	0.77219355
7.3850002	0.7759378
7.3899999	0.77969021
7.395	0.78345096
7.4000001	0.7872172
7.4050002	0.79098654
7.4099998	0.79476404
7.415	0.79854959
7.4200001	0.80234289
7.4250002	0.80614525
7.4299998	0.80995572
7.4349999	0.81377399
7.4400001	0.81760085
7.4450002	0.82143599
7.4499998	0.82527912
7.4549999	0.82815576
7.46	0.83033425
7.4650002	0.83251494
7.4699998	0.83469921
7.4749999	0.83688724
7.48	0.83907914
7.4850001	0.84127474
7.4899998	0.84347415
7.4949999	0.84567755
7.5	0.84788465
7.5050001	0.85009587
7.5100002	0.85169566
7.5149999	0.85317439
7.52	0.85465443
7.5250001	0.85613644
7.5300002	0.85762036
7.5349998	0.859106
7.54	0.86059338
7.5450001	0.86208254
7.5500002	0.86357361
7.5549998	0.86506641
7.5599999	0.86665297
7.5650001	0.86919534
7.5700002	0.87174463
7.5749998	0.87429887
7.5799999	0.87685764
7.585	0.87942064
7.5900002	0.88198817
7.5949998	0.88456047
7.5999999	0.88713735
7.605	0.88971883
7.6100001	0.8923046
7.6149998	0.89548099
7.6199999	0.8997885
7.625	0.90410721
7.6300001	0.90843517
7.6350002	0.912772
7.6399999	0.91711783
7.645	0.92147362
7.6500001	0.92583841
7.6550002	0.93021208
7.6599998	0.93459481
7.665	0.93898666
7.6700001	0.94349283
7.6750002	0.94807935
7.6799998	0.9526757
7.6849999	0.95728141
7.6900001	0.96189648
7.6950002	0.9665212
7.6999998	0.97115588
7.7049999	0.97579998
7.71	0.98045313
7.7150002	0.98511708
7.7199998	0.98979032
7.7249999	0.99238199
7.73	0.99462217
7.7350001	0.99686432
7.7399998	0.99910998
7.7449999	1.0013591
7.75	1.0036113
7.7550001	1.0058668
7.7600002	1.0081255
7.7649999	1.010388
7.77	1.0126538
7.7750001	1.015018
7.7800002	1.0181187
7.7849998	1.0212266
7.79	1.0243406
7.7950001	1.0274602
7.8000002	1.0305852
7.8049998	1.0337157
7.8099999	1.0368515
7.8150001	1.039993
7.8200002	1.0431398
7.8249998	1.0462919
7.8299999	1.0494548
7.835	1.0526311
7.8400002	1.0558127
7.8449998	1.0589998
7.8499999	1.0621929
7.855	1.0653912
7.8600001	1.0685955
7.8649998	1.0718052
7.8699999	1.0750208
7.875	1.0782418
7.8800001	1.0814683
7.8850002	1.0846304
7.8899999	1.0877576
7.895	1.0908895
7.9000001	1.0940266
7.9050002	1.0971696
7.9099998	1.1003175
7.915	1.1034704
7.9200001	1.1066289
7.9250002	1.1097928
7.9299998	1.1129622
7.9349999	1.1161373
7.9400001	1.117381
7.9450002	1.1183991
7.9499998	1.1194167
7.9549999	1.1204339
7.96	1.1214509
7.9650002	1.1224676
7.9699998	1.1234844
7.9749999	1.1245012
7.98	1.1255178
7.9850001	1.1265345
7.9899998	1.1277893
7.9949999	1.130293
8	1.132804
8.0050001	1.1353183
8.0100002	1.1378366
8.0150003	1.1403583
8.0200005	1.1428838
8.0249996	1.1454127
8.0299997	1.1479452
8.0349998	1.1504813
8.04	1.1530211
8.0450001	1.1550258
8.0500002	1.1563033
8.0550003	1.1575793
8.0600004	1.1588557
8.0649996	1.1601323
8.0699997	1.161409
8.0749998	1.1626869
8.0799999	1.1639649
8.085	1.1652431
8.0900002	1.1665223
8.0950003	1.167802
8.1000004	1.1684023
8.1049995	1.1686954
8.1099997	1.1689858
8.1149998	1.1692744
8.1199999	1.1695606
8.125	1.1698447
8.1300001	1.1701273
8.1350002	1.1704074
8.1400003	1.1706855
8.1450005	1.1709615
8.1499996	1.1712358
8.1549997	1.1726134
8.1599998	1.1740432
8.165	1.1754742
8.1700001	1.176906
8.1750002	1.1783385
8.1800003	1.1797718
8.1850004	1.1812059
8.1899996	1.1826407
8.1949997	1.1840764
8.1999998	1.1855128
8.2049999	1.1865941
8.21	1.1864558
8.2150002	1.1863112
8.2200003	1.1861628
8.2250004	1.1860117
8.2299995	1.1858568
8.2349997	1.1856993
8.2399998	1.1855383
8.2449999	1.1853745
8.25	1.1852075
8.2550001	1.185037
8.2600002	1.1839083
8.2650003	1.1817993
8.2700005	1.1796792
8.2749996	1.177551
8.2799997	1.1754149
8.2849998	1.1732709
8.29	1.171119
8.2950001	1.1689596
8.3000002	1.1667908
8.3050003	1.1646144
8.3100004	1.16243
8.3149996	1.16093
8.3199997	1.1596364
8.3249998	1.158338
8.3299999	1.157034
8.335	1.1557238
8.3400002	1.154408
8.3450003	1.1530862
8.3500004	1.1517584
8.3549995	1.1504248
8.3599997	1.1490854
8.3649998	1.1478146
8.3699999	1.1484257
8.375	1.1490414
8.3800001	1.1496558
8.3850002	1.1502687
8.3900003	1.1508808
8.3950005	1.1514918
8.3999996	1.152101
8.4049997	1.1527092
8.4099998	1.1533164
8.415	1.1539223
8.4200001	1.1537359
8.4250002	1.1517916
8.4300003	1.1498344
8.4350004	1.1478693
8.4399996	1.1458973
8.4449997	1.1439176
8.4499998	1.1419302
8.4549999	1.1399354
8.46	1.1379331
8.4650002	1.1359234
8.4700003	1.1339066
8.4750004	1.1336988
8.4799995	1.1347772
8.4849997	1.1358598
8.4899998	1.1369426
8.4949999	1.1380254
8.5	1.1391082
8.5050001	1.1401911
8.5100002	1.1412737
8.5150003	1.1423564
8.5200005	1.1434394
8.5249996	1.1445218
8.5299997	1.1455612
8.5349998	1.1465932
8.54	1.147625
8.5450001	1.1486571
8.5500002	1.149689
8.5550003	1.1507205
8.5600004	1.1517519
8.5649996	1.1527833
8.5699997	1.1538144
8.5749998	1.1548455
8.5799999	1.1557411
8.585	1.155797
8.5900002	1.1558478
8.5950003	1.1558959
8.6000004	1.1559414
8.6049995	1.1559842
8.6099997	1.1560249
8.6149998	1.156063
8.6199999	1.1560985
8.625	1.1561315
8.6300001	1.1561623
8.6350002	1.15637
8.6400003	1.1568269
8.6450005	1.1572827
8.6499996	1.1577376
8.6549997	1.1581906
8.6599998	1.1586421
8.665	1.1590921
8.6700001	1.1595405
8.6750002	1.1599876
8.6800003	1.1604329
8.6850004	1.1608768
8.6899996	1.1603351
8.6949997	1.1593587
8.6999998	1.1583759
8.7049999	1.1573879
8.71	1.1563952
8.7150002	1.1553972
8.7200003	1.1543944
8.7250004	1.1533872
8.7299995	1.1523747
8.7349997	1.1513574
8.7399998	1.1503354
8.7449999	1.1511116
8.75	1.1519332
8.7550001	1.1527548
8.7600002	1.1535759
8.7650003	1.1543959
8.7700005	1.1552157
8.7749996	1.1560349
8.7799997	1.1568537
8.7849998	1.1576718
8.79	1.1573113
8.7950001	1.1555002
8.8000002	1.1563088
8.8050003	1.1571162
8.8100004	1.1579225
8.8149996	1.1587288
8.8199997	1.1595341
8.8249998	1.1603389
8.8299999	1.1611426
8.835	1.1619463
8.8400002	1.1627492
8.8450003	1.1635511
8.8500004	1.1638451
8.8549995	1.1637112
8.8599997	1.1635731
8.8649998	1.1634322
8.8699999	1.1632887
8.875	1.1631417
8.8800001	1.1629924
8.8850002	1.1628404
8.8900003	1.1626853
8.8950005	1.1625273
8.8999996	1.1623662
8.9049997	1.1622447
8.9099998	1.1621298
8.915	1.1620125
8.9200001	1.1618919
8.9250002	1.1617687
8.9300003	1.161643
8.9350004	1.1615144
8.9399996	1.1613829
8.9449997	1.1612483
8.9499998	1.1611115
8.9549999	1.160908
8.96	1.1602103
8.9650002	1.1595074
8.9700003	1.1587996
8.9750004	1.1580889
8.9799995	1.1573737
8.9849997	1.1566539
8.9899998	1.1559305
8.9949999	1.155203
9	1.1544714
9.0050001	1.1537353
9.0100002	1.1526967
9.0150003	1.1512115
9.0200005	1.1497189
9.0249996	1.1482211
9.0299997	1.1467172
9.0349998	1.1452075
9.04	1.1436918
9.0450001	1.14217
9.0500002	1.1406426
9.0550003	1.1391091
9.0600004	1.1375697
9.0649996	1.1366456
9.0699997	1.135995
9.0749998	1.1353415
9.0799999	1.1346841
9.085	1.1340224
9.0900002	1.1333563
9.0950003	1.1326867
9.1000004	1.1320132
9.1049995	1.1313355
9.1099997	1.1306535
9.1149998	1.1299678
9.1199999	1.1276708
9.125	1.1253347
9.1300001	1.1229894
9.1350002	1.1206363
9.1400003	1.1182759
9.1450005	1.1159075
9.1499996	1.1135315
9.1549997	1.1111479
9.1599998	1.1087564
9.165	1.1073761
9.1700001	1.1071998
9.1750002	1.1051228
9.1800003	1.1030378
9.1850004	1.1009471
9.1899996	1.0988487
9.1949997	1.0967433
9.1999998	1.0946308
9.2049999	1.0925112
9.21	1.0903846
9.2150002	1.0882517
9.2200003	1.0861113
9.2250004	1.0838989
9.2299995	1.0816294
9.2349997	1.0793527
9.2399998	1.077069
9.2449999	1.0747781
9.25	1.07248
9.2550001	1.070174
9.2600002	1.0678617
9.2650003	1.0655408
9.2700005	1.0632131
9.2749996	1.0608779
9.2799997	1.0582888
9.2849998	1.0556526
9.29	1.0530084
9.2950001	1.0503567
9.3000002	1.0476965
9.3050003	1.0450281
9.3100004	1.042352
9.3149996	1.039668
9.3199997	1.0369757
9.3249998	1.0342754
9.3299999	1.0316992
9.335	1.0298119
9.3400002	1.0279191
9.3450003	1.0260196
9.3500004	1.0241146
9.3549995	1.0222028
9.3599997	1.0202849
9.3649998	1.0183607
9.3699999	1.0164303
9.375	1.0144936
9.3800001	1.0125508
9.3850002	1.0104091
9.3900003	1.0080315
9.3950005	1.0056466
9.3999996	1.0032545
9.4049997	1.000855
9.4099998	0.99844861
9.415	0.99603444
9.4200001	0.99361271
9.4250002	0.99118364
9.4300003	0.98874801
9.4350004	0.98630464
9.4399996	0.98469675
9.4449997	0.98335731
9.4499998	0.98201352
9.4549999	0.98066497
9.46	0.97931188
9.4650002	0.97795379
9.4700003	0.97659081
9.4750004	0.97522324
9.4799995	0.97385049
9.4849997	0.97247314
9.4899998	0.97110313
9.4949999	0.96993607
9.5	0.96876502
9.5050001	0.9675892
9.5100002	0.96640921
9.5150003	0.96522456
9.5200005	0.96403533
9.5249996	0.96284187
9.5299997	0.96164429
9.5349998	0.96044225
9.54	0.95923543
9.5450001	0.95807201
9.5500002	0.9569903
9.5550003	0.95590472
9.5600004	0.95481479
9.5649996	0.95372063
9.5699997	0.95262289
9.5749998	0.95151979
9.5799999	0.95041335
9.585	0.94930226
9.5900002	0.94818741
9.5950003	0.9470678
9.6000004	0.94609249
9.6049995	0.9451896
9.6099997	0.94428331
9.6149998	0.94337332
9.6199999	0.94245952
9.625	0.94154197
9.6300001	0.94062108
9.6350002	0.93969572
9.6400003	0.93876719
9.6450005	0.9378351
9.6499996	0.93689847
9.6549997	0.93627727
9.6599998	0.93566489
9.665	0.93504947
9.6700001	0.9344309
9.6750002	0.93380916
9.6800003	0.93318456
9.6850004	0.93255693
9.6899996	0.93192625
9.6949997	0.93129253
9.6999998	0.93065572
9.7049999	0.92988676
9.71	0.92876953
9.7150002	0.92764717
9.7200003	0.92652059
9.7250004	0.92539006
9.7299995	0.92425525
9.7349997	0.92311645
9.7399998	0.92197353
9.7449999	0.9208262
9.75	0.91967499
9.7550001	0.91851956
9.7600002	0.91800213
9.7650003	0.91794783
9.7700005	0.91789293
9.7749996	0.91783625
9.7799997	0.9177779
9.7849998	0.91771817
9.79	0.91765636
9.7950001	0.9175927
9.8000002	0.91752708
9.8050003	0.91746044
9.8100004	0.91739148
9.8149996	0.91727245
9.8199997	0.91714561
9.8249998	0.91701686
9.8299999	0.91688669
9.835	0.91675413
9.8400002	0.91661978
9.8450003	0.91648352
9.8500004	0.91634524
9.8549995	0.91620535
9.8599997	0.91606331
9.8649998	0.91584009
9.8699999	0.91529769
9.875	0.91475159
9.8800001	0.91420323
9.8850002	0.91365099
9.8900003	0.91309631
9.8950005	0.91253883
9.8999996	0.91197884
9.9049997	0.91141576
9.9099998	0.91085005
9.915	0.91028154
9.9200001	0.9101364
9.9250002	0.91039586
9.9300003	0.9106555
9.9350004	0.91091424
9.9399996	0.91117179
9.9449997	0.91142815
9.9499998	0.91168386
9.9549999	0.91193837
9.96	0.91219169
9.9650002	0.91244429
9.9700003	0.91269535
9.9750004	0.91282499
9.9799995	0.91292745
9.9849997	0.91302884
9.9899998	0.91312885
9.9949999	0.9132275
10	0.91332495
10.005	0.91342103
10.01	0.91351557
10.015	0.91360891
10.02	0.91370094
10.025	0.91390347
10.03	0.91478348
10.035	0.91566575
10.04	0.91654891
10.045	0.91743201
10.05	0.91831547
10.055	0.91919911
10.06	0.92008328
10.065	0.92096752
10.07	0.92185211
10.075	0.92273742
10.08	0.92381322
10.085	0.92511505
10.09	0.92641884
10.095	0.92772388
10.1	0.92903036
10.105	0.93033773
10.11	0.93164659
10.115	0.93295598
10.12	0.93426687
10.125	0.93557966
10.13	0.93689293
10.135	0.93696159
10.14	0.93666714
10.145	0.93636948
10.15	0.93606961
10.155	0.93576777
10.16	0.93546379
10.165	0.93515736
10.17	0.93484885
10.175	0.9345386
10.18	0.93422574
10.185	0.93396199
10.19	0.93417585
10.195	0.93439054
10.2	0.93460405
10.205	0.93481654
10.21	0.93502742
10.215	0.93523788
10.22	0.93544722
10.225	0.93565518
10.23	0.935862
10.235	0.93606812
10.24	0.93603921
10.245	0.93568164
10.25	0.93532139
10.255	0.93495864
10.26	0.93459332
10.265	0.93422651
10.27	0.93385714
10.275	0.93348509
10.28	0.93311113
10.285	0.93273515
10.29	0.932356
10.295	0.93195885
10.3	0.93155408
10.305	0.93114668
10.31	0.93073666
10.315	0.93032444
10.32	0.92990988
10.325	0.92949319
10.33	0.92907417
10.335	0.9286527
10.34	0.92822915
10.345	0.92783594
10.35	0.92791617
10.355	0.92799628
10.36	0.92807525
10.365	0.92815244
10.37	0.92822844
10.375	0.92830354
10.38	0.92837727
10.385	0.92844939
10.39	0.92852014
10.395	0.92858976
10.4	0.92874229
10.405	0.9290247
10.41	0.92930686
10.415	0.92958808
10.42	0.92986846
10.425	0.93014777
10.43	0.93042654
10.435	0.93070394
10.44	0.9309805
10.445	0.93125635
10.45	0.93153113
10.455	0.9309935
10.46	0.9301337
10.465	0.92926937
10.47	0.92840207
10.475	0.92753154
10.48	0.92665803
10.485	0.92578149
10.49	0.92490125
10.495	0.9240182
10.5	0.92313141
10.505	0.92227715
10.51	0.92212284
10.515	0.92196864
10.52	0.92181265
10.525	0.92165494
10.53	0.92149544
10.535	0.92133409
10.54	0.92117113
10.545	0.92100644
10.55	0.92083973
10.555	0.92067134
10.56	0.92022467
10.565	0.91932112
10.57	0.91841251
10.575	0.91750109
10.58	0.91658634
10.585	0.91566831
10.59	0.91474718
10.595	0.91382241
10.6	0.91289437
10.605	0.9119634
10.61	0.91102862
10.615	0.91083574
10.62	0.91094488
10.625	0.91105372
10.63	0.91116118
10.635	0.91126764
10.64	0.9113729
10.645	0.91147709
10.65	0.91157979
10.655	0.91168195
10.66	0.91178256
10.665	0.91184896
10.67	0.91123074
10.675	0.91060793
10.68	0.90998256
10.685	0.90935445
10.69	0.90872383
10.695	0.90809035
10.7	0.90745425
10.705	0.90681553
10.71	0.90617424
10.715	0.90553039
10.72	0.90478939
10.725	0.90389186
10.73	0.90299058
10.735	0.90208602
10.74	0.9011789
10.745	0.90026796
10.75	0.89935386
10.755	0.89843678
10.76	0.89751643
10.765	0.89659268
10.77	0.89566177
10.775	0.89578092
10.78	0.89631063
10.785	0.89684004
10.79	0.89736909
10.795	0.89789784
10.8	0.89842647
10.805	0.89895439
10.81	0.89948195
10.815	0.90000904
10.82	0.90053594
10.825	0.90096718
10.83	0.89983875
10.835	0.89870411
10.84	0.89756513
10.845	0.89642286
10.85	0.89527678
10.855	0.89412725
10.86	0.89297467
10.865	0.89181805
10.87	0.89065742
10.875	0.88949341
10.88	0.88871932
10.885	0.88853639
10.89	0.88835257
10.895	0.88816696
10.9	0.8879801
10.905	0.88779116
10.91	0.88760078
10.915	0.88740861
10.92	0.88721454
10.925	0.88701838
10.93	0.88682061
10.935	0.88691252
10.94	0.88710564
10.945	0.88729787
10.95	0.88748872
10.955	0.88767904
10.96	0.88786852
10.965	0.88805652
10.97	0.88824368
10.975	0.88843
10.98	0.88861549
10.985	0.88874418
10.99	0.88827604
10.995	0.88780427
11	0.88732952
11.005	0.88685328
11.01	0.88637435
11.015	0.88589346
11.02	0.88541001
11.025	0.88492453
11.03	0.88443685
11.035	0.88394672
11.04	0.88389957
11.045	0.88444108
11.05	0.8849842
11.055	0.8855266
11.06	0.8860684
11.065	0.88660979
11.07	0.8871516
11.075	0.88769269
11.08	0.88823307
11.085	0.88877356
11.09	0.88931382
11.095	0.88894439
11.1	0.88831168
11.105	0.88767624
11.11	0.88703811
11.115	0.886397
11.12	0.88575315
11.125	0.88510692
11.13	0.88445818
11.135	0.88380688
11.14	0.88315278
11.145	0.88241124
11.15	0.88108015
11.155	0.87974381
11.16	0.87840348
11.165	0.8770597
11.17	0.87571144
11.175	0.87435889
11.18	0.87300307
11.185	0.8716433
11.19	0.87027973
11.195	0.86891192
11.2	0.86874396
11.205	0.8698929
11.21	0.87104565
11.215	0.87219983
11.22	0.87335461
11.225	0.87450999
11.23	0.87566644
11.235	0.87682372
11.24	0.8779816
11.245	0.87914073
11.25	0.88030016
11.255	0.88034075
11.26	0.88014871
11.265	0.8799544
11.27	0.87975824
11.275	0.87956017
11.28	0.87936026
11.285	0.87915885
11.29	0.87895566
11.295	0.87875086
11.3	0.87854433
11.305	0.87859946
11.31	0.87982106
11.315	0.88104731
11.32	0.88227415
11.325	0.88350201
11.33	0.88473094
11.335	0.88596052
11.34	0.8871913
11.345	0.88842201
11.35	0.88965428
11.355	0.8908878
11.36	0.89116639
11.365	0.8906281
11.37	0.89008516
11.375	0.88954014
11.38	0.88899267
11.385	0.88844228
11.39	0.88788986
11.395	0.88733518
11.4	0.886778
11.405	0.88621825
11.41	0.88565582
11.415	0.88522893
11.42	0.88481623
11.425	0.88440084
11.43	0.88398397
11.435	0.88356471
11.44	0.88314319
11.445	0.88271964
11.45	0.8822937
11.455	0.8818658
11.46	0.88143605
11.465	0.88156295
11.47	0.88330591
11.475	0.8850553
11.48	0.88680619
11.485	0.88855928
11.49	0.8903138
11.495	0.89207053
11.5	0.89382929
11.505	0.89558953
11.51	0.89735138
11.515	0.89911592
11.52	0.89956093
11.525	0.89918584
11.53	0.89880639
11.535	0.89842469
11.54	0.89804095
11.545	0.89765519
11.55	0.89726734
11.555	0.89687741
11.56	0.89648551
11.565	0.89609128
11.57	0.89569509
11.575	0.89706022
11.58	0.89846557
11.585	0.89987236
11.59	0.90128016
11.595	0.90268958
11.6	0.9041
11.605	0.9055115
11.61	0.90692413
11.615	0.90833801
11.62	0.90975302
11.625	0.91103572
11.63	0.91206628
11.635	0.9130969
11.64	0.91412783
11.645	0.91515875
11.65	0.91619062
11.655	0.91722262
11.66	0.91825557
11.665	0.91928864
11.67	0.92032188
11.675	0.9213559
11.68	0.92273444
11.685	0.92425406
11.69	0.92577535
11.695	0.92729789
11.7	0.92882174
11.705	0.93034679
11.71	0.93187344
11.715	0.93340153
11.72	0.93493009
11.725	0.93646073
11.73	0.93804282
11.735	0.94020647
11.74	0.94237447
11.745	0.94454485
11.75	0.94671828
11.755	0.94889373
11.76	0.95107156
11.765	0.95325196
11.77	0.95543474
11.775	0.95761985
11.78	0.95980752
11.785	0.96170849
11.79	0.9632569
11.795	0.96480566
11.8	0.96635538
11.805	0.96790624
11.81	0.9694587
11.815	0.97101229
11.82	0.97256714
11.825	0.97412354
11.83	0.97568095
11.835	0.97724032
11.84	0.97829658
11.845	0.9792431
11.85	0.98018897
11.855	0.98113555
11.86	0.98208225
11.865	0.98302901
11.87	0.98397583
11.875	0.98492259
11.88	0.98587
11.885	0.98681778
11.89	0.98806781
11.895	0.99056846
11.9	0.99307615
11.905	0.99558574
11.91	0.99809974
11.915	1.0006158
11.92	1.0031348
11.925	1.005657
11.93	1.0081818
11.935	1.01071
11.94	1.0132411
11.945	1.0151238
11.95	1.0165162
11.955	1.017908
11.96	1.0193006
11.965	1.0206941
11.97	1.0220886
11.975	1.0234836
11.98	1.0248803
11.985	1.0262772
11.99	1.0276757
11.995	1.0290748
12	1.0305934
12.005	1.0321205
12.01	1.0336485
12.015	1.0351777
12.02	1.036708
12.025	1.0382392
12.03	1.0397719
12.035	1.0413057
12.04	1.0428405
12.045	1.0443764
12.05	1.0469255
12.055	1.0515686
12.06	1.0562255
12.065	1.0608885
12.07	1.0655574
12.075	1.0702338
12.08	1.0749162
12.085	1.0796055
12.09	1.0843016
12.095	1.0890038
12.1	1.0937129
12.105	1.0952749
12.11	1.0955244
12.115	1.0957674
12.12	1.096009
12.125	1.0962498
12.13	1.0964894
12.135	1.0967277
12.14	1.0969647
12.145	1.0972009
12.15	1.097435
12.155	1.0979601
12.16	1.1014265
12.165	1.1049074
12.17	1.1083926
12.175	1.1118821
12.18	1.1153761
12.185	1.1188742
12.19	1.1223776
12.195	1.1258843
12.2	1.1293955
12.205	1.1329119
12.21	1.1352382
12.215	1.1362407
12.22	1.1372387
12.225	1.1382372
12.23	1.1392359
12.235	1.1402346
12.24	1.1412328
12.245	1.1422315
12.25	1.14323
12.255	1.1442281
12.26	1.1452276
12.265	1.1472476
12.27	1.1494373
12.275	1.15163
12.28	1.1538249
12.285	1.1560217
12.29	1.1582206
12.295	1.1604218
12.3	1.1626252
12.305	1.1648308
12.31	1.1670378
12.315	1.1689929
12.32	1.1701832
12.325	1.1713716
12.33	1.1725596
12.335	1.1737485
12.34	1.1749378
12.345	1.1761271
12.35	1.1773173
12.355	1.1785076
12.36	1.179698
12.365	1.1808888
12.37	1.1809956
12.375	1.1804856
12.38	1.1799705
12.385	1.179453
12.39	1.1789334
12.395	1.178411
12.4	1.1778859
12.405	1.1773584
12.41	1.1768284
12.415	1.1762961
12.42	1.1758053
12.425	1.1766936
12.43	1.1775863
12.435	1.1784791
12.44	1.179372
12.445	1.1802648
12.45	1.1811571
12.455	1.1820493
12.46	1.1829414
12.465	1.1838337
12.47	1.1847256
12.475	1.1858964
12.48	1.1874455
12.485	1.1889973
12.49	1.19055
12.495	1.1921036
12.5	1.1936585
12.505	1.1952138
12.51	1.1967701
12.515	1.1983271
12.52	1.199886
12.525	1.2014451
12.53	1.2007203
12.535	1.1994865
12.54	1.1982468
12.545	1.197003
12.55	1.1957555
12.555	1.1945046
12.56	1.1932501
12.565	1.1919914
12.57	1.1907294
12.575	1.1894642
12.58	1.1885885
12.585	1.1891178
12.59	1.1896511
12.595	1.1901845
12.6	1.1907161
12.605	1.1912481
12.61	1.1917788
12.615	1.1923085
12.62	1.1928374
12.625	1.1933663
12.63	1.1938943
12.635	1.1924707
12.64	1.1898333
12.645	1.1871852
12.65	1.1845307
12.655	1.1818707
12.66	1.1792049
12.665	1.1765323
12.67	1.1738538
12.675	1.1711698
12.68	1.1684799
12.685	1.165836
12.69	1.1658196
12.695	1.1658103
12.7	1.1658
12.705	1.1657885
12.71	1.1657752
12.715	1.1657599
12.72	1.1657432
12.725	1.1657249
12.73	1.1657051
12.735	1.1656837
12.74	1.1654736
12.745	1.1650064
12.75	1.1645359
12.755	1.1640627
12.76	1.1635873
12.765	1.1631095
12.77	1.1626301
12.775	1.162147
12.78	1.1616627
12.785	1.1611751
12.79	1.1606859
12.795	1.1591023
12.8	1.1572846
12.805	1.1554619
12.81	1.1536347
12.815	1.1518028
12.82	1.1499661
12.825	1.1481249
12.83	1.1462795
12.835	1.1444293
12.84	1.1425749
12.845	1.1406295
12.85	1.1384017
12.855	1.1361675
12.86	1.1339279
12.865	1.1316836
12.87	1.1294333
12.875	1.1271781
12.88	1.124918
12.885	1.1226531
12.89	1.1203831
12.895	1.1181074
12.9	1.1161519
12.905	1.1143721
12.91	1.1125889
12.915	1.1108011
12.92	1.1090091
12.925	1.1072134
12.93	1.1054124
12.935	1.1036077
12.94	1.1017987
12.945	1.099986
12.95	1.0982544
12.955	1.0979702
12.96	1.0976893
12.965	1.0974071
12.97	1.0971227
12.975	1.0968363
12.98	1.096549
12.985	1.0962591
12.99	1.0959672
12.995	1.0956733
13	1.0953782
13.005	1.0951056
13.01	1.094859
13.015	1.0946113
13.02	1.0943618
13.025	1.0941101
13.03	1.0938566
13.035	1.0936016
13.04	1.0933453
13.045	1.0930861
13.05	1.0928255
13.055	1.0916702
13.06	1.0889258
13.065	1.0859693
13.07	1.0830041
13.075	1.0800327
13.08	1.0770553
13.085	1.0740715
13.09	1.071081
13.095	1.0680842
13.1	1.0650816
13.105	1.0620728
13.11	1.0593902
13.115	1.0574714
13.12	1.0555512
13.125	1.0536268
13.13	1.0516961
13.135	1.0497619
13.14	1.0478221
13.145	1.0458778
13.15	1.0439289
13.155	1.0419745
13.16	1.0400161
13.165	1.03952
13.17	1.0395919
13.175	1.0396652
13.18	1.0397372
13.185	1.0398077
13.19	1.0398771
13.195	1.0399456
13.2	1.0400131
13.205	1.0400792
13.21	1.0401444
13.215	1.0398183
13.22	1.0371542
13.225	1.034475
13.23	1.0317888
13.235	1.0290974
13.24	1.0264002
13.245	1.0236971
13.25	1.020988
13.255	1.0182728
13.26	1.0155525
13.265	1.0128263
13.27	1.0110461
13.275	1.0099938
13.28	1.0089411
13.285	1.0078851
13.29	1.0068264
13.295	1.0057646
13.3	1.0046989
13.305	1.0036302
13.31	1.0025582
13.315	1.0014833
13.32	1.0004047
13.325	0.99909747
13.33	0.99778509
13.335	0.99646842
13.34	0.99514794
13.345	0.99382257
13.35	0.99249363
13.355	0.99116045
13.36	0.98982304
13.365	0.98848182
13.37	0.98713654
13.375	0.98603487
13.38	0.9852742
13.385	0.98451078
13.39	0.98374373
13.395	0.98297346
13.4	0.98220003
13.405	0.98142278
13.41	0.98064375
13.415	0.97986013
13.42	0.97907364
13.425	0.98578489
13.43	0.98585844
13.435	0.9845925
13.44	0.98332304
13.445	0.98205054
13.45	0.98077452
13.455	0.97949582
13.46	0.9782142
13.465	0.97692913
13.47	0.97564113
13.475	0.97435021
13.48	0.97303414
13.485	0.97165644
13.49	0.97027576
13.495	0.96889204
13.5	0.96750575
13.505	0.96611506
13.51	0.96472186
13.515	0.96332556
13.52	0.96192563
13.525	0.96052277
13.53	0.95911628
13.535	0.9585464
13.54	0.95831531
13.545	0.9580844
13.55	0.95785147
13.555	0.95761722
13.56	0.95738208
13.565	0.95714486
13.57	0.95690686
13.575	0.95666772
13.58	0.95642608
13.585	0.95588857
13.59	0.95364463
13.595	0.9513914
13.6	0.94913399
13.605	0.94687194
13.61	0.94460535
13.615	0.942334
13.62	0.94005859
13.625	0.93777931
13.63	0.93549502
13.635	0.93320608
13.64	0.93253356
13.645	0.93300927
13.65	0.93348825
13.655	0.93396688
13.66	0.93444556
13.665	0.9349243
13.67	0.93540227
13.675	0.93588006
13.68	0.93635792
13.685	0.93683547
13.69	0.93729919
13.695	0.93721372
13.7	0.93712515
13.705	0.93703598
13.71	0.93694556
13.715	0.9368543
13.72	0.93676239
13.725	0.93666899
13.73	0.93657482
13.735	0.93647933
13.74	0.93638265
13.745	0.93577605
13.75	0.93458515
13.755	0.93338943
13.76	0.93219095
13.765	0.93099046
13.77	0.92978728
13.775	0.9285807
13.78	0.9273721
13.785	0.92616051
13.79	0.92494613
13.795	0.9237299
13.8	0.92462093
13.805	0.92572522
13.81	0.92683089
13.815	0.9279387
13.82	0.92904657
13.825	0.93015516
13.83	0.93126482
13.835	0.93237531
13.84	0.93348646
13.845	0.9345988
13.85	0.93407887
13.855	0.93060666
13.86	0.92712039
13.865	0.9236272
13.87	0.92012846
13.875	0.91662222
13.88	0.91311252
13.885	0.90959454
13.89	0.90607142
13.895	0.90254176
13.9	0.89900517
13.905	0.90070891
13.91	0.90370268
13.915	0.90670431
13.92	0.90970957
13.925	0.91271818
13.93	0.91573101
13.935	0.91874778
13.94	0.92176759
13.945	0.92479163
13.95	0.92781997
13.955	0.92966086
13.96	0.92801905
13.965	0.9263624
13.97	0.92470211
13.975	0.92303985
13.98	0.92137319
13.985	0.9197042
13.99	0.91803145
13.995	0.91635501
14	0.91467553
14.005	0.91299349
14.01	0.91343689
14.015	0.91476786
14.02	0.91610295
14.025	0.9174391
14.03	0.91877711
14.035	0.92011619
14.04	0.9214561
14.045	0.9227975
14.05	0.92414057
14.055	0.92548496
14.06	0.92657304
14.065	0.92633176
14.07	0.92608523
14.075	0.92583668
14.08	0.92558658
14.085	0.92533648
14.09	0.92508471
14.095	0.92483211
14.1	0.92457831
14.105	0.92432404
14.11	0.92406857
14.115	0.92292047
14.12	0.92121643
14.125	0.91950721
14.13	0.91779506
14.135	0.91607988
14.14	0.9143616
14.145	0.91263974
14.15	0.91091454
14.155	0.9091869
14.16	0.90745467
14.165	0.90598756
14.17	0.90772623
14.175	0.90947837
14.18	0.91123301
14.185	0.9129889
14.19	0.91474694
14.195	0.91650653
14.2	0.9182685
14.205	0.92003226
14.21	0.92179847
14.215	0.92356604
14.22	0.9244886
14.225	0.92468035
14.23	0.92486888
14.235	0.92505777
14.24	0.92524588
14.245	0.92543346
14.25	0.92562085
14.255	0.92580819
14.26	0.92599517
14.265	0.92618179
14.27	0.9263674
14.275	0.92556483
14.28	0.92475682
14.285	0.92394692
14.29	0.9231354
14.295	0.92232215
14.3	0.92150724
14.305	0.92069036
14.31	0.91987222
14.315	0.91905159
14.32	0.91822886
14.325	0.91861397
14.33	0.92038977
14.335	0.92217249
14.34	0.92395759
14.345	0.92574483
14.35	0.92753375
14.355	0.92932391
14.36	0.93111753
14.365	0.93291253
14.37	0.93470883
14.375	0.93650776
14.38	0.93654567
14.385	0.93645072
14.39	0.9363538
14.395	0.93625665
14.4	0.93615872
14.405	0.93605977
14.41	0.93596017
14.415	0.9358598
14.42	0.93575883
14.425	0.9356575
14.43	0.9362238
14.435	0.93778372
14.44	0.93934959
14.445	0.94091755
14.45	0.94248652
14.455	0.94405717
14.46	0.94563019
14.465	0.94720477
14.47	0.94878066
14.475	0.95035869
14.48	0.95193833
14.485	0.95130777
14.49	0.95035166
14.495	0.94939214
14.5	0.9484303
14.505	0.9474659
14.51	0.94649994
14.515	0.94553232
14.52	0.94456309
14.525	0.94359171
14.53	0.94261825
14.535	0.94211334
14.54	0.94248855
14.545	0.94286728
14.55	0.94324583
14.555	0.94362533
14.56	0.94400412
14.565	0.94438303
14.57	0.94476074
14.575	0.94514012
14.58	0.94551867
14.585	0.9458974
14.59	0.94667429
14.595	0.94753796
14.6	0.94840318
14.605	0.94926858
14.61	0.95013475
14.615	0.95100147
14.62	0.95186889
14.625	0.95273769
14.63	0.95360714
14.635	0.95447659
14.64	0.95482153
14.645	0.95395499
14.65	0.95308244
14.655	0.95220786
14.66	0.95133185
14.665	0.95045328
14.67	0.94957507
14.675	0.9486925
14.68	0.94780922
14.685	0.94692463
14.69	0.94603813
14.695	0.94728202
14.7	0.94912517
14.705	0.95097232
14.71	0.95282179
14.715	0.95467371
14.72	0.95652765
14.725	0.9583835
14.73	0.96024138
14.735	0.96210158
14.74	0.96396399
14.745	0.96511424
14.75	0.96429646
14.755	0.96346927
14.76	0.96264052
14.765	0.96181029
14.77	0.96097857
14.775	0.96014446
14.78	0.95930868
14.785	0.95847154
14.79	0.95763212
14.795	0.9567914
14.8	0.95641446
14.805	0.95619196
14.81	0.95596933
14.815	0.95574516
14.82	0.95552111
14.825	0.9552967
14.83	0.95507032
14.835	0.95484293
14.84	0.95461541
14.845	0.95438749
14.85	0.95435131
14.855	0.95493019
14.86	0.95551074
14.865	0.95609206
14.87	0.95667297
14.875	0.95725638
14.88	0.95783842
14.885	0.95842117
14.89	0.95900446
14.895	0.95958763
14.9	0.960172
14.905	0.95966649
14.91	0.95874876
14.915	0.95782793
14.92	0.95690548
14.925	0.95598125
14.93	0.95505559
14.935	0.95412797
14.94	0.95319819
14.945	0.95226711
14.95	0.95133448
14.955	0.95094895
14.96	0.95251018
14.965	0.95408165
14.97	0.95565474
14.975	0.9572292
14.98	0.9588055
14.985	0.9603833
14.99	0.96196353
14.995	0.9635452
15	0.96512806
15.005	0.9667179
15.01	0.96678084
15.015	0.96622956
15.02	0.96567631
15.025	0.96512139
15.03	0.96456522
15.035	0.96400815
15.04	0.9634499
15.045	0.9628908
15.05	0.9623307
15.055	0.96176898
15.06	0.96097916
15.065	0.95934224
15.07	0.95770037
15.075	0.95605552
15.08	0.95440745
15.085	0.9527573
15.09	0.95110488
15.095	0.94944847
15.1	0.94778997
15.105	0.94612938
15.11	0.94446492
15.115	0.94431549
15.12	0.94479054
15.125	0.94526702
15.13	0.94574398
15.135	0.94622135
15.14	0.94669902
15.145	0.94717664
15.15	0.94765413
15.155	0.94813263
15.16	0.94861108
15.165	0.94937271
15.17	0.95119375
15.175	0.95302051
15.18	0.95484906
15.185	0.95667958
15.19	0.95851272
15.195	0.96034741
15.2	0.96218485
15.205	0.96402413
15.21	0.96586466
15.215	0.96770734
15.22	0.96813244
15.225	0.96798396
15.23	0.96783316
15.235	0.96768183
15.24	0.96752959
15.245	0.96737701
15.25	0.96722358
15.255	0.96706945
15.26	0.96691507
15.265	0.96676028
15.27	0.96703404
15.275	0.968835
15.28	0.97064316
15.285	0.97245365
15.29	0.97426486
15.295	0.97607934
15.3	0.9778955
15.305	0.9797138
15.31	0.98153383
15.315	0.98335642
15.32	0.98518044
15.325	0.98507851
15.33	0.98425019
15.335	0.98341691
15.34	0.98258173
15.345	0.98174578
15.35	0.98090804
15.355	0.98006809
15.36	0.97922677
15.365	0.97838438
15.37	0.97754061
15.375	0.97692776
15.38	0.97705871
15.385	0.97719246
15.39	0.9773255
15.395	0.9774583
15.4	0.97759116
15.405	0.97772241
15.41	0.97785538
15.415	0.97798657
15.42	0.97811878
15.425	0.97824997
15.43	0.97807801
15.435	0.9778043
15.44	0.97752947
15.445	0.97725409
15.45	0.97697765
15.455	0.97670066
15.46	0.97642267
15.465	0.97614354
15.47	0.97586435
15.475	0.97558397
15.48	0.97521091
15.485	0.97458464
15.49	0.97395676
15.495	0.97332686
15.5	0.97269493
15.505	0.97206253
15.51	0.97142911
15.515	0.97079474
15.52	0.97015858
15.525	0.96952099
15.53	0.96888173
15.535	0.97127372
15.54	0.97451848
15.545	0.97776973
15.55	0.98102528
15.555	0.98428369
15.56	0.98754615
15.565	0.99081337
15.57	0.99408466
15.575	0.9973594
15.58	1.0006374
15.585	1.0027562
15.59	1.0021946
15.595	1.0016234
15.6	1.0010507
15.605	1.0004761
15.61	0.9999007
15.615	0.99932408
15.62	0.99874693
15.625	0.99816734
15.63	0.99758667
15.635	0.99700552
15.64	0.99782443
15.645	0.99894685
15.65	1.0000714
15.655	1.0011966
15.66	1.0023233
15.665	1.003451
15.67	1.0045797
15.675	1.0057094
15.68	1.00684
15.685	1.0079712
15.69	1.0090331
15.695	1.0099659
15.7	1.0108985
15.705	1.0118318
15.71	1.0127668
15.715	1.0137011
15.72	1.0146366
15.725	1.0155733
15.73	1.0165107
15.735	1.0174499
15.74	1.0183877
15.745	1.0194803
15.75	1.0205954
15.755	1.0217117
15.76	1.0228292
15.765	1.0239474
15.77	1.0250665
15.775	1.0261867
15.78	1.0273081
15.785	1.0284302
15.79	1.0295532
15.795	1.0293003
15.8	1.0270243
15.805	1.0247372
15.81	1.022446
15.815	1.020152
15.82	1.0178547
15.825	1.0155526
15.83	1.0132474
15.835	1.010939
15.84	1.0086277
15.845	1.0063123
15.85	1.0044545
15.855	1.0026251
15.86	1.0007939
15.865	0.99895984
15.87	0.99712259
15.875	0.99528331
15.88	0.99344039
15.885	0.99159455
15.89	0.98974603
15.895	0.98789448
15.9	0.98782539
15.905	0.98976529
15.91	0.99171489
15.915	0.99366617
15.92	0.99561977
15.925	0.99757582
15.93	0.99953347
15.935	1.0014927
15.94	1.0034552
15.945	1.0054191
15.95	1.0073686
15.955	1.0072161
15.96	1.0070562
15.965	1.0068961
15.97	1.0067345
15.975	1.0065722
15.98	1.0064098
15.985	1.0062449
15.99	1.006081
15.995	1.0059164
16	1.0057499
16.004999	1.0053396
16.01	1.0047252
16.014999	1.0041081
16.02	1.0034897
16.025	1.0028704
16.030001	1.0022502
16.035	1.001628
16.040001	1.0010042
16.045	1.0003799
16.049999	0.99975371
16.055	0.99934322
16.059999	1.0011725
16.065001	1.0030138
16.07	1.0048544
16.075001	1.006698
16.08	1.008544
16.084999	1.0103917
16.09	1.0122408
16.094999	1.0140917
16.1	1.0159451
16.105	1.0177999
16.110001	1.0180992
16.115	1.0174862
16.120001	1.0168681
16.125	1.0162479
16.129999	1.0156268
16.135	1.0150051
16.139999	1.0143808
16.145	1.0137554
16.15	1.0131297
16.155001	1.0125015
16.16	1.0127298
16.165001	1.0169097
16.17	1.0211103
16.174999	1.0253153
16.18	1.0295266
16.184999	1.0337406
16.190001	1.0379604
16.195	1.0421842
16.200001	1.0464133
16.205	1.0506465
16.209999	1.0548872
16.215	1.0558301
16.219999	1.0555235
16.225	1.0552111
16.23	1.0548978
16.235001	1.0545827
16.24	1.0542668
16.245001	1.0539501
16.25	1.053632
16.254999	1.0533134
16.26	1.0529941
16.264999	1.0522549
16.27	1.0504256
16.275	1.0485888
16.280001	1.0467505
16.285	1.0449079
16.290001	1.0430645
16.295	1.0412167
16.299999	1.0393666
16.305	1.0375117
16.309999	1.0356547
16.315001	1.0337949
16.32	1.0344381
16.325001	1.0355963
16.33	1.0367577
16.334999	1.0379199
16.34	1.039083
16.344999	1.0402468
16.35	1.0414116
16.355	1.0425774
16.360001	1.0437441
16.365	1.0449117
16.370001	1.0460726
16.375	1.0472227
16.379999	1.0483736
16.385	1.0495251
16.389999	1.0506779
16.395	1.0518308
16.4	1.0529847
16.405001	1.0541402
16.41	1.055295
16.415001	1.0564519
16.42	1.0576098
16.424999	1.0590112
16.43	1.0604283
16.434999	1.0618466
16.440001	1.0632662
16.445	1.0646862
16.450001	1.0661082
16.455	1.0675304
16.459999	1.0689545
16.465	1.0703796
16.469999	1.0718055
16.475	1.0736125
16.48	1.0757897
16.485001	1.0779703
16.49	1.0801536
16.495001	1.0823387
16.5	1.0845252
16.504999	1.086714
16.51	1.0889045
16.514999	1.0910976
16.52	1.0932932
16.525	1.0952892
16.530001	1.0946863
16.535	1.0940715
16.540001	1.0934529
16.545	1.0928353
16.549999	1.092216
16.555	1.0915937
16.559999	1.090971
16.565001	1.0903468
16.57	1.0897207
16.575001	1.0890937
16.58	1.0866473
16.584999	1.0831573
16.59	1.0796574
16.594999	1.0761524
16.6	1.072643
16.605	1.0691284
16.610001	1.065608
16.615	1.0620838
16.620001	1.0585542
16.625	1.0550179
16.629999	1.0527992
16.635	1.0556561
16.639999	1.0585384
16.645	1.0614227
16.65	1.06431
16.655001	1.0672005
16.66	1.0700948
16.665001	1.0729918
16.67	1.0758915
16.674999	1.0787933
16.68	1.0816985
16.684999	1.081582
16.690001	1.08059
16.695	1.0795909
16.700001	1.0785898
16.705	1.0775869
16.709999	1.0765823
16.715	1.0755755
16.719999	1.0745662
16.725	1.0735551
16.73	1.0725424
16.735001	1.0728611
16.74	1.0756433
16.745001	1.0784397
16.75	1.0812386
16.754999	1.0840397
16.76	1.0868442
16.764999	1.089651
16.77	1.0924605
16.775	1.0952733
16.780001	1.0980874
16.785	1.1009063
16.790001	1.1001055
16.795	1.0990064
16.799999	1.0979037
16.805	1.0967988
16.809999	1.0956912
16.815001	1.0945822
16.82	1.0934707
16.825001	1.0923573
16.83	1.0912422
16.834999	1.0901251
16.84	1.0885106
16.844999	1.0864102
16.85	1.0843036
16.855	1.0821936
16.860001	1.0800813
16.865	1.0779651
16.870001	1.0758455
16.875	1.0737222
16.879999	1.071597
16.885	1.0694678
16.889999	1.0676966
16.895	1.0696707
16.9	1.0716654
16.905001	1.0736605
16.91	1.0756574
16.915001	1.0776581
16.92	1.0796578
16.924999	1.0816596
16.93	1.0836647
16.934999	1.0856701
16.940001	1.087677
16.945	1.087508
16.950001	1.0862663
16.955	1.0850173
16.959999	1.0837671
16.965	1.0825132
16.969999	1.0812575
16.975	1.0799997
16.98	1.078739
16.985001	1.0774769
16.99	1.076212
16.995001	1.0754046
17	1.075912
17.004999	1.0764256
17.01	1.0769397
17.014999	1.0774533
17.02	1.0779663
17.025	1.0784802
17.030001	1.0789919
17.035	1.0795059
17.040001	1.0800184
17.045	1.0805308
17.049999	1.0798192
17.055	1.0788816
17.059999	1.0779396
17.065001	1.076996
17.07	1.0760516
17.075001	1.0751044
17.08	1.0741563
17.084999	1.0732055
17.09	1.0722522
17.094999	1.0712976
17.1	1.0699221
17.105	1.0680102
17.110001	1.0660925
17.115	1.0641711
17.120001	1.0622478
17.125	1.0603207
17.129999	1.0583903
17.135	1.0564572
17.139999	1.0545208
17.145	1.0525812
17.15	1.0507003
17.155001	1.0505488
17.16	1.0504047
17.165001	1.0502583
17.17	1.0501113
17.174999	1.0499637
17.18	1.0498154
17.184999	1.0496656
17.190001	1.0495148
17.195	1.0493633
17.200001	1.0492114
17.205	1.0505155
17.209999	1.0526788
17.215	1.0548486
17.219999	1.0570199
17.225	1.059193
17.23	1.0613679
17.235001	1.0635451
17.24	1.0657244
17.245001	1.0679047
17.25	1.0662854
17.254999	1.056916
17.26	1.0557995
17.264999	1.054675
17.27	1.0535495
17.275	1.0524206
17.280001	1.05129
17.285	1.050156
17.290001	1.0490223
17.295	1.0478841
17.299999	1.0467453
17.305	1.0456043
17.309999	1.0447301
17.315001	1.0439081
17.32	1.0430846
17.325001	1.0422583
17.33	1.04143
17.334999	1.0406001
17.34	1.0397677
17.344999	1.0389346
17.35	1.0380993
17.355	1.0372615
17.360001	1.0364174
17.365	1.0355657
17.370001	1.0347128
17.375	1.0338578
17.379999	1.0330013
17.385	1.0321424
17.389999	1.0312828
17.395	1.0304204
17.4	1.029557
17.405001	1.0286903
17.41	1.0278722
17.415001	1.0280794
17.42	1.0282894
17.424999	1.0284984
17.43	1.0287068
17.434999	1.0289156
17.440001	1.0291229
17.445	1.0293297
17.450001	1.0295362
17.455	1.029741
17.459999	1.0299464
17.465	1.0286653
17.469999	1.0265976
17.475	1.0245236
17.48	1.0224452
17.485001	1.0203637
17.49	1.0182799
17.495001	1.0161928
17.5	1.014102
17.504999	1.0120077
17.51	1.0099103
17.514999	1.0085431
17.52	1.0091735
17.525	1.0098121
17.530001	1.0104514
17.535	1.0110899
17.540001	1.0117292
17.545	1.0123688
17.549999	1.013008
17.555	1.0136467
17.559999	1.0142859
17.565001	1.0149251
17.57	1.0126343
17.575001	1.009941
17.58	1.0072405
17.584999	1.0045346
17.59	1.0018219
17.594999	0.99910265
17.6	0.99637735
17.605	0.99364686
17.610001	0.99091029
17.615	0.99558222
17.620001	1.0005834
17.625	0.99967766
17.629999	0.99877101
17.635	0.99786258
17.639999	0.99695313
17.645	0.99604112
17.65	0.99512726
17.655001	0.99421221
17.66	0.99329454
17.665001	0.99237514
17.67	0.99151492
17.674999	0.99109101
17.68	0.99066824
17.684999	0.99024415
17.690001	0.98981899
17.695	0.98939341
17.700001	0.98896551
17.705	0.98853678
17.709999	0.98810625
17.715	0.98767525
17.719999	0.98724276
17.725	0.98703414
17.73	0.98690218
17.735001	0.98676962
17.74	0.98663545
17.745001	0.98650128
17.75	0.98636705
17.754999	0.98623127
17.76	0.9860943
17.764999	0.98595685
17.77	0.98581874
17.775	0.98494267
17.780001	0.98282307
17.785	0.98069221
17.790001	0.97855759
17.795	0.97642177
17.799999	0.97428226
17.805	0.97214121
17.809999	0.96999311
17.815001	0.9678449
17.82	0.96569222
17.825001	0.96353853
17.83	0.96232742
17.834999	0.96111917
17.84	0.9599089
17.844999	0.9586975
17.85	0.9574821
17.855	0.95626652
17.860001	0.95504797
17.865	0.95382726
17.870001	0.95260447
17.875	0.95138001
17.879999	0.95064098
17.885	0.95018423
17.889999	0.94972771
17.895	0.94926953
17.9	0.94881117
17.905001	0.94835204
17.91	0.94789076
17.915001	0.94742846
17.92	0.9469651
17.924999	0.94650066
17.93	0.94608217
17.934999	0.94579262
17.940001	0.94550252
17.945	0.94521183
17.950001	0.94491774
17.955	0.94462484
17.959999	0.94433177
17.965	0.94403589
17.969999	0.94373888
17.975	0.94344312
17.98	0.94314575
17.985001	0.94388968
17.99	0.94475079
17.995001	0.94561285
18	0.94647604
18.004999	0.94733965
18.01	0.9482035
18.014999	0.94906735
18.02	0.94993156
18.025	0.95079648
18.030001	0.951662
18.035	0.95118088
18.040001	0.9495675
18.045	0.94794363
18.049999	0.94631743
18.055	0.9446888
18.059999	0.94305807
18.065001	0.94142431
18.07	0.93978816
18.075001	0.93814975
18.08	0.93650866
18.084999	0.93521333
18.09	0.93542194
18.094999	0.93564242
18.1	0.9358601
18.105	0.93607944
18.110001	0.93629891
18.115	0.93651587
18.120001	0.93673444
18.125	0.93695188
18.129999	0.93716872
18.135	0.93738574
18.139999	0.93701106
18.145	0.9365139
18.15	0.93601459
18.155001	0.93551362
18.16	0.93501192
18.165001	0.93450922
18.17	0.93400484
18.174999	0.93349934
18.18	0.93299299
18.184999	0.93248576
18.190001	0.93298024
18.195	0.93456066
18.200001	0.93615079
18.205	0.93774217
18.209999	0.93933451
18.215	0.94092822
18.219999	0.9425233
18.225	0.94411999
18.23	0.94571835
18.235001	0.94731796
18.24	0.94868153
18.245001	0.94850081
18.25	0.94830489
18.254999	0.94810861
18.26	0.94791257
18.264999	0.94771498
18.27	0.94751644
18.275	0.94731688
18.280001	0.9471181
18.285	0.946917
18.290001	0.94671565
18.295	0.94576031
18.299999	0.94459164
18.305	0.94341987
18.309999	0.94224566
18.315001	0.94106919
18.32	0.93989247
18.325001	0.93871319
18.33	0.93753201
18.334999	0.93634951
18.34	0.93516439
18.344999	0.93380255
18.35	0.93221796
18.355	0.93062925
18.360001	0.92903799
18.365	0.92744541
18.370001	0.9258498
18.375	0.92425054
18.379999	0.92265093
18.385	0.92104799
18.389999	0.91944259
18.395	0.91812867
18.4	0.91938889
18.405001	0.92067289
18.41	0.92195773
18.415001	0.92324144
18.42	0.92452842
18.424999	0.92581618
18.43	0.92710418
18.434999	0.92839408
18.440001	0.92968482
18.445	0.93097633
18.450001	0.93239772
18.455	0.9338612
18.459999	0.93532664
18.465	0.93679196
18.469999	0.93825924
18.475	0.93972802
18.48	0.94119823
18.485001	0.94266903
18.49	0.94414091
18.495001	0.94561493
18.5	0.94628817
18.504999	0.94588852
18.51	0.94547796
18.514999	0.94506574
18.52	0.94465381
18.525	0.94424099
18.530001	0.94382656
18.535	0.94341123
18.540001	0.94299525
18.545	0.94257897
18.549999	0.94228691
18.555	0.94316214
18.559999	0.944049
18.565001	0.94493687
18.57	0.94582444
18.575001	0.94671363
18.58	0.94760436
18.584999	0.94849354
18.59	0.9493832
18.594999	0.95027477
18.6	0.95116681
18.605	0.95077795
18.610001	0.94998735
18.615	0.94919074
18.620001	0.9483937
18.625	0.94759506
18.629999	0.94679487
18.635	0.94599366
18.639999	0.94519132
18.645	0.94438773
18.65	0.94358331
18.655001	0.94279623
18.66	0.94203126
18.665001	0.94126564
18.67	0.9404999
18.674999	0.93973279
18.68	0.93896353
18.684999	0.93819368
18.690001	0.93742239
18.695	0.93665081
18.700001	0.9358772
18.705	0.93539214
18.709999	0.93710625
18.715	0.93884468
18.719999	0.94058454
18.725	0.94232631
18.73	0.94406885
18.735001	0.94581461
18.74	0.94756055
18.745001	0.94930893
18.75	0.9510588
18.754999	0.95280951
18.76	0.95248592
18.764999	0.95160615
18.77	0.95072037
18.775	0.94983292
18.780001	0.94894403
18.785	0.94805396
18.790001	0.94716382
18.795	0.94627112
18.799999	0.9453764
18.805	0.94448072
18.809999	0.94396722
18.815001	0.94387567
18.82	0.9437874
18.825001	0.9436987
18.83	0.94361001
18.834999	0.94352108
18.84	0.94343126
18.844999	0.94334084
18.85	0.94325101
18.855	0.9431597
18.860001	0.94314855
18.865	0.94354898
18.870001	0.94395363
18.875	0.94435924
18.879999	0.94476563
18.885	0.94517154
18.889999	0.94557786
18.895	0.94598347
18.9	0.94638968
18.905001	0.94679761
18.91	0.94720393
18.915001	0.9478367
18.92	0.94851261
18.924999	0.94918966
18.93	0.94986695
18.934999	0.95054549
18.940001	0.95122427
18.945	0.95190436
18.950001	0.95258373
18.955	0.953264
18.959999	0.95394522
18.965	0.95350283
18.969999	0.95209438
18.975	0.95067257
18.98	0.94924921
18.985001	0.94782382
18.99	0.94639587
18.995001	0.94496739
19	0.94353682
19.004999	0.94210398
19.01	0.94066912
19.014999	0.94028884
19.02	0.94337219
19.025	0.94649714
19.030001	0.94962621
19.035	0.95275843
19.040001	0.95589519
19.045	0.95903379
19.049999	0.96217781
19.055	0.96532357
19.059999	0.96847481
19.065001	0.97162592
19.07	0.97075599
19.075001	0.96954
19.08	0.96831757
19.084999	0.96709305
19.09	0.9658677
19.094999	0.96464062
19.1	0.96341068
19.105	0.96217972
19.110001	0.96094775
19.115	0.95971411
19.120001	0.95972717
19.125	0.9604888
19.129999	0.96125984
19.135	0.96203107
19.139999	0.96280265
19.145	0.96357554
19.15	0.96434933
19.155001	0.96512347
19.16	0.96589923
19.165001	0.96668005
19.17	0.96699286
19.174999	0.96634418
19.18	0.96569204
19.184999	0.96503836
19.190001	0.96438563
19.195	0.96373188
19.200001	0.96307689
19.205	0.96241879
19.209999	0.96176243
19.215	0.96110374
19.219999	0.96051031
19.225	0.96160412
19.23	0.96270412
19.235001	0.96380484
19.24	0.96490777
19.245001	0.9660114
19.25	0.96711576
19.254999	0.96822238
19.26	0.96932906
19.264999	0.970438
19.27	0.97154695
19.275	0.97197419
19.280001	0.97216749
19.285	0.97235978
19.290001	0.9725517
19.295	0.97274363
19.299999	0.97293574
19.305	0.9731279
19.309999	0.97332025
19.315001	0.97351295
19.32	0.97370583
19.325001	0.97392339
19.33	0.97417116
19.334999	0.9744193
19.34	0.97466677
19.344999	0.97491497
19.35	0.97516435
19.355	0.97541273
19.360001	0.97566193
19.365	0.97591037
19.370001	0.97615993
19.375	0.97653234
19.379999	0.9775008
19.385	0.97847283
19.389999	0.97944492
19.395	0.98041844
19.4	0.98139518
19.405001	0.98237079
19.41	0.98334748
19.415001	0.98432583
19.42	0.98530573
19.424999	0.98628604
19.43	0.9881888
19.434999	0.99021375
19.440001	0.99224138
19.445	0.99427199
19.450001	0.99630475
19.455	0.99833977
19.459999	1.0003773
19.465	1.0024158
19.469999	1.0044564
19.475	1.0064981
19.48	1.0062557
19.485001	1.0045208
19.49	1.0027782
19.495001	1.0010335
19.5	0.99928665
19.504999	0.99753886
19.51	0.99578953
19.514999	0.99403656
19.52	0.9922815
19.525	0.99052668
19.530001	0.98989522
19.535	0.99155867
19.540001	0.99323249
19.545	0.99490863
19.549999	0.99658507
19.555	0.99826467
19.559999	0.9999463
19.565001	1.0016294
19.57	1.0033151
19.575001	1.0050008
19.58	1.0066029
19.584999	1.0067167
19.59	1.0068277
19.594999	1.0069382
19.6	1.0070472
19.605	1.0071572
19.610001	1.0072682
19.615	1.0073783
19.620001	1.0074881
19.625	1.0075995
19.629999	1.0077132
19.635	1.0096132
19.639999	1.0120159
19.645	1.0144234
19.65	1.0168334
19.655001	1.0192466
19.66	1.0216625
19.665001	1.0240811
19.67	1.0265021
19.674999	1.0289261
19.68	1.0313509
19.684999	1.0325428
19.690001	1.0325701
19.695	1.0325928
19.700001	1.0326164
19.705	1.0326401
19.709999	1.0326633
19.715	1.0326859
19.719999	1.0327094
19.725	1.0327331
19.73	1.032756
19.735001	1.0326878
19.74	1.0323448
19.745001	1.0319993
19.75	1.031655
19.754999	1.0313097
19.76	1.0309645
19.764999	1.0306195
19.77	1.030272
19.775	1.0299256
19.780001	1.0295786
19.785	1.0292327
19.790001	1.0306129
19.795	1.0320232
19.799999	1.0334339
19.805	1.0348467
19.809999	1.0362614
19.815001	1.0376766
19.82	1.0390941
19.825001	1.0405132
19.83	1.0419334
19.834999	1.0433547
19.84	1.0442863
19.844999	1.0450349
19.85	1.0457826
19.855	1.0465305
19.860001	1.0472806
19.865	1.0480312
19.870001	1.0487827
19.875	1.0495346
19.879999	1.0502872
19.885	1.0510396
19.889999	1.0509737
19.895	1.0499891
19.9	1.0489994
19.905001	1.0480092
19.91	1.0470181
19.915001	1.0460254
19.92	1.0450315
19.924999	1.0440371
19.93	1.0430412
19.934999	1.0420439
19.940001	1.0412616
19.945	1.0412412
19.950001	1.0412213
19.955	1.0412028
19.959999	1.0411841
19.965	1.0411654
19.969999	1.0411456
19.975	1.0411274
19.98	1.041109
19.985001	1.0410901
19.99	1.0410767
19.995001	1.0436151
20	1.0462457
20.004999	1.0488814
20.01	1.0515209
20.014999	1.0541613
20.02	1.0568051
20.025	1.0594529
20.030001	1.0621022
20.035	1.0647552
20.040001	1.0674045
20.045	1.0671656
20.049999	1.0658
20.055	1.0644284
20.059999	1.0630563
20.065001	1.0616822
20.07	1.0603068
20.075001	1.0589297
20.08	1.0575511
20.084999	1.0561715
20.09	1.0547888
20.094999	1.0531548
20.1	1.051246
20.105	1.0493346
20.110001	1.0474207
20.115	1.0455041
20.120001	1.0435861
20.125	1.0416656
20.129999	1.0397427
20.135	1.0378181
20.139999	1.0358949
20.145	1.0344054
20.15	1.0343246
20.155001	1.0342515
20.16	1.0341767
20.165001	1.0341026
20.17	1.0340277
20.174999	1.0339546
20.18	1.0338784
20.184999	1.0338047
20.190001	1.0337305
20.195	1.0336602
20.200001	1.0347662
20.205	1.0358785
20.209999	1.0369916
20.215	1.0381058
20.219999	1.0392225
20.225	1.0403399
20.23	1.0414591
20.235001	1.0425792
20.24	1.0437003
20.245001	1.0448194
20.25	1.0448281
20.254999	1.0444864
20.26	1.0441432
20.264999	1.0438007
20.27	1.0434568
20.275	1.0431129
20.280001	1.042769
20.285	1.0424243
20.290001	1.0420796
20.295	1.0417352
20.299999	1.0415939
20.305	1.0416337
20.309999	1.0416739
20.315001	1.0417135
20.32	1.0417529
20.325001	1.0417922
20.33	1.0418339
20.334999	1.0418749
20.34	1.0419141
20.344999	1.0419543
20.35	1.0420649
20.355	1.0423372
20.360001	1.0426112
20.365	1.0428846
20.370001	1.0431576
20.375	1.0434304
20.379999	1.0437059
20.385	1.0439804
20.389999	1.0442564
20.395	1.0445316
20.4	1.0448052
20.405001	1.0450722
20.41	1.0453397
20.415001	1.0456054
20.42	1.0458716
20.424999	1.0461385
20.43	1.0464066
20.434999	1.0466737
20.440001	1.0469421
20.445	1.0472112
20.450001	1.0474731
20.455	1.0462592
20.459999	1.0447863
20.465	1.0433112
20.469999	1.0418359
20.475	1.0403559
20.48	1.0388755
20.485001	1.0373942
20.49	1.0359112
20.495001	1.034428
20.5	1.0329436
20.504999	1.0320525
20.51	1.0315058
20.514999	1.0309607
20.52	1.0304148
20.525	1.0298668
20.530001	1.0293177
20.535	1.0287693
20.540001	1.0282203
20.545	1.0276706
20.549999	1.0271258
20.555	1.0279639
20.559999	1.0307205
20.565001	1.0334866
20.57	1.0362552
20.575001	1.0390272
20.58	1.0418026
20.584999	1.0445799
20.59	1.0473607
20.594999	1.0501451
20.6	1.0529283
20.605	1.0546882
20.610001	1.0525326
20.615	1.0503614
20.620001	1.0481876
20.625	1.046011
20.629999	1.043833
20.635	1.0416529
20.639999	1.0394701
20.645	1.0372843
20.65	1.0350965
20.655001	1.0329176
20.66	1.0334448
20.665001	1.0339916
20.67	1.0345401
20.674999	1.0350895
20.68	1.0356396
20.684999	1.0361884
20.690001	1.0367391
20.695	1.0372894
20.700001	1.0378423
20.705	1.038391
20.709999	1.0380093
20.715	1.0373741
20.719999	1.0367385
20.725	1.0361028
20.73	1.0354654
20.735001	1.034827
20.74	1.0341885
20.745001	1.0335493
20.75	1.032909
20.754999	1.0322686
20.76	1.0318414
20.764999	1.0315664
20.77	1.031292
20.775	1.0310168
20.780001	1.0307399
20.785	1.0304641
20.790001	1.0301887
20.795	1.0299121
20.799999	1.0296353
20.805	1.0293552
20.809999	1.0286694
20.815001	1.0273345
20.82	1.025995
20.825001	1.024654
20.83	1.0233122
20.834999	1.0219685
20.84	1.0206227
20.844999	1.0192758
20.85	1.0179274
20.855	1.0165771
20.860001	1.0153162
20.865	1.0144447
20.870001	1.0135728
20.875	1.0126989
20.879999	1.0118248
20.885	1.0109501
20.889999	1.010075
20.895	1.0091969
20.9	1.008319
20.905001	1.0074401
20.91	1.0065669
20.915001	1.0071603
20.92	1.0077705
20.924999	1.0083793
20.93	1.0089917
20.934999	1.0096036
20.940001	1.0102154
20.945	1.0108286
20.950001	1.0114421
20.955	1.0120552
20.959999	1.0126854
20.965	1.016143
20.969999	1.0203146
20.975	1.0244945
20.98	1.0286771
20.985001	1.0328658
20.99	1.0370575
20.995001	1.0412526
21	1.0454528
21.004999	1.0496587
21.01	1.0538396
21.014999	1.0526415
21.02	1.0480447
21.025	1.0434308
21.030001	1.0388113
21.035	1.0341872
21.040001	1.0295575
21.045	1.0249226
21.049999	1.020283
21.055	1.0156389
21.059999	1.0109993
21.065001	1.0081517
21.07	1.0076847
21.075001	1.0072262
21.08	1.0067688
21.084999	1.0063097
21.09	1.0058486
21.094999	1.0053879
21.1	1.004926
21.105	1.0044634
21.110001	1.0039992
21.115	1.0032434
21.120001	1.0016195
21.125	0.99998975
21.129999	0.99835718
21.135	0.99672329
21.139999	0.99508762
21.145	0.99345195
21.15	0.99181175
21.155001	0.99017072
21.16	0.98852932
21.165001	0.98711514
21.17	0.98859006
21.174999	0.99007344
21.18	0.99156159
21.184999	0.99305099
21.190001	0.99454027
21.195	0.9960314
21.200001	0.99752378
21.205	0.99901766
21.209999	1.0005122
21.215	1.0020131
21.219999	1.0041831
21.225	1.0064365
21.23	1.0086946
21.235001	1.0109512
21.24	1.0132128
21.245001	1.0154746
21.25	1.0177401
21.254999	1.0200071
21.26	1.022276
21.264999	1.0245339
21.27	1.0244546
21.275	1.0234687
21.280001	1.0224787
21.285	1.0214874
21.290001	1.0204964
21.295	1.0195034
21.299999	1.0185074
21.305	1.017511
21.309999	1.0165141
21.315001	1.0155241
21.32	1.0159267
21.325001	1.0174493
21.33	1.0189761
21.334999	1.0205044
21.34	1.0220351
21.344999	1.0235672
21.35	1.0251001
21.355	1.0266347
21.360001	1.0281694
21.365	1.0220611
21.370001	1.0115762
21.375	1.0118479
21.379999	1.0121195
21.385	1.0123897
21.389999	1.0126579
21.395	1.0129268
21.4	1.0131943
21.405001	1.0134599
21.41	1.0137252
21.415001	1.0139912
21.42	1.0140759
21.424999	1.0135602
21.43	1.0130405
21.434999	1.0125178
21.440001	1.0119952
21.445	1.0114696
21.450001	1.0109417
21.455	1.0104125
21.459999	1.009883
21.465	1.009352
21.469999	1.0088148
21.475	1.0081013
21.48	1.0073825
21.485001	1.0066632
21.49	1.0059417
21.495001	1.0052185
21.5	1.0044936
21.504999	1.0037661
21.51	1.0030358
21.514999	1.0023055
21.52	1.0015719
21.525	1.001416
21.530001	1.0013183
21.535	1.0012201
21.540001	1.0011214
21.545	1.0010217
21.549999	1.0009239
21.555	1.0008225
21.559999	1.0007203
21.565001	1.0006176
21.57	1.0005077
21.575001	1.0002096
21.58	0.99985307
21.584999	0.99949485
21.59	0.99913561
21.594999	0.99877524
21.6	0.99841338
21.605	0.99805075
21.610001	0.99768758
21.615	0.9973231
21.620001	0.99696392
21.625	0.99666101
21.629999	0.99638808
21.635	0.99611354
21.639999	0.99583822
21.645	0.99556112
21.65	0.99528408
21.655001	0.99500698
21.66	0.99472851
21.665001	0.99444944
21.67	0.99416608
21.674999	0.99380136
21.68	0.99334931
21.684999	0.99289715
21.690001	0.99244386
21.695	0.99199015
21.700001	0.99153554
21.705	0.99107957
21.709999	0.99062347
21.715	0.99016666
21.719999	0.98950148
21.725	0.98827749
21.73	0.98673779
21.735001	0.98519248
21.74	0.98364198
21.745001	0.98209143
21.75	0.98053694
21.754999	0.97898227
21.76	0.97742563
21.764999	0.9758656
21.77	0.97430491
21.775	0.97303796
21.780001	0.97308648
21.785	0.9731409
21.790001	0.97319579
21.795	0.97324979
21.799999	0.97330433
21.805	0.9733578
21.809999	0.97341019
21.815001	0.97346252
21.82	0.97351617
21.825001	0.97357315
21.83	0.97375005
21.834999	0.97392601
21.84	0.97410369
21.844999	0.97427934
21.85	0.97445583
21.855	0.97463143
21.860001	0.9748069
21.865	0.97498059
21.870001	0.9751575
21.875	0.97533113
21.879999	0.97653484
21.885	0.97784007
21.889999	0.97914827
21.895	0.98045647
21.9	0.98176605
21.905001	0.98307663
21.91	0.98438668
21.915001	0.98569906
21.92	0.98701203
21.924999	0.98832667
21.93	0.98921227
21.934999	0.98997945
21.940001	0.99074441
21.945	0.99151105
21.950001	0.99227905
21.955	0.99304605
21.959999	0.99381316
21.965	0.99458146
21.969999	0.99534976
21.975	0.99611831
21.98	0.99429029
21.985001	0.99111402
21.99	0.98792523
21.995001	0.98473084
22	0.98153257
22.004999	0.97833091
22.01	0.97512639
22.014999	0.97191638
22.02	0.96870327
22.025	0.9654876
22.030001	0.9648186
22.035	0.96634489
22.040001	0.96788889
22.045	0.96943372
22.049999	0.97097874
22.055	0.97252709
22.059999	0.97407514
22.065001	0.97562271
22.07	0.97717404
22.075001	0.97872627
22.08	0.97873253
22.084999	0.97659498
22.09	0.97444028
22.094999	0.97228229
22.1	0.97012162
22.105	0.96795732
22.110001	0.96579045
22.115	0.96362066
22.120001	0.96144813
22.125	0.95927387
22.129999	0.95894599
22.135	0.96285141
22.139999	0.96679437
22.145	0.97073936
22.15	0.97468781
22.155001	0.97864085
22.16	0.98259687
22.165001	0.98655856
22.17	0.99052185
22.174999	0.99448818
22.18	0.9971031
22.184999	0.99401408
22.190001	0.99087846
22.195	0.98773694
22.200001	0.98459339
22.205	0.98144537
22.209999	0.97829294
22.215	0.97513717
22.219999	0.97197884
22.225	0.96881211
22.23	0.96579534
22.235001	0.96441776
22.24	0.96305293
22.245001	0.96168584
22.25	0.96031523
22.254999	0.95894426
22.26	0.95757192
22.264999	0.9561969
22.27	0.95481855
22.275	0.95343995
22.280001	0.95205772
22.285	0.95389462
22.290001	0.9558332
22.295	0.95777404
22.299999	0.9597159
22.305	0.96165991
22.309999	0.96360385
22.315001	0.96554923
22.32	0.96749616
22.325001	0.9694472
22.33	0.9713968
22.334999	0.97010523
22.34	0.96832424
22.344999	0.96653652
22.35	0.96474534
22.355	0.96295446
22.360001	0.96116
22.365	0.95936197
22.370001	0.95756
22.375	0.95575935
22.379999	0.95395362
22.385	0.9560461
22.389999	0.95929134
22.395	0.96254992
22.4	0.96581072
22.405001	0.96907574
22.41	0.97234333
22.415001	0.97561222
22.42	0.97888559
22.424999	0.9821614
22.43	0.98544019
22.434999	0.98658663
22.440001	0.98671883
22.445	0.98684233
22.450001	0.98696476
22.455	0.98708802
22.459999	0.98721081
22.465	0.98733199
22.469999	0.98745191
22.475	0.98757297
22.48	0.98769426
22.485001	0.98659575
22.49	0.98463947
22.495001	0.98267323
22.5	0.9807024
22.504999	0.97872931
22.51	0.97675413
22.514999	0.97477615
22.52	0.97279632
22.525	0.97081351
22.530001	0.96882701
22.535	0.96905071
22.540001	0.97149527
22.545	0.97396141
22.549999	0.97642964
22.555	0.97890073
22.559999	0.98137367
22.565001	0.98384798
22.57	0.98632532
22.575001	0.98880482
22.58	0.99128592
22.584999	0.99112821
22.59	0.98724425
22.594999	0.98332
22.6	0.9793908
22.605	0.97545654
22.610001	0.97151679
22.615	0.96757317
22.620001	0.96362543
22.625	0.95967287
22.629999	0.95571572
22.635	0.95278513
22.639999	0.95190972
22.645	0.95105445
22.65	0.95019734
22.655001	0.94933981
22.66	0.94847929
22.665001	0.94761711
22.67	0.94675344
22.674999	0.94588888
22.68	0.94502211
22.684999	0.94517189
22.690001	0.94828099
22.695	0.95142078
22.700001	0.95456392
22.705	0.95770937
22.709999	0.96085769
22.715	0.96400714
22.719999	0.96716213
22.725	0.97031814
22.73	0.97347665
22.735001	0.97626698
22.74	0.97737557
22.745001	0.97846937
22.75	0.97956324
22.754999	0.98065639
22.76	0.98175073
22.764999	0.98284787
22.77	0.9839431
22.775	0.98503911
22.780001	0.9861365
22.785	0.98689765
22.790001	0.9849593
22.795	0.98299026
22.799999	0.98101622
22.805	0.97904009
22.809999	0.97706378
22.815001	0.97508168
22.82	0.97309905
22.825001	0.97111303
22.83	0.96912354
22.834999	0.96713197
22.84	0.96513778
22.844999	0.9631412
22.85	0.96114236
22.855	0.9591409
22.860001	0.95713633
22.865	0.95512933
22.870001	0.95311987
22.875	0.95110697
22.879999	0.9490937
22.885	0.94707602
22.889999	0.9480108
22.895	0.94904071
22.9	0.95007449
22.905001	0.95110959
22.91	0.95214379
22.915001	0.95317912
22.92	0.95421356
22.924999	0.95525044
22.93	0.95628625
22.934999	0.95732534
22.940001	0.95739418
22.945	0.95736611
22.950001	0.95733762
22.955	0.95730513
22.959999	0.95727545
22.965	0.95724583
22.969999	0.95721215
22.975	0.95718026
22.98	0.95714742
22.985001	0.95711404
22.99	0.9575839
22.995001	0.9581427
23	0.95870137
23.004999	0.95926142
23.01	0.95982111
23.014999	0.96038091
23.02	0.96094
23.025	0.96150005
23.030001	0.96205872
23.035	0.96261901
23.040001	0.96357054
23.045	0.96462226
23.049999	0.96567595
23.055	0.96673042
23.059999	0.96778589
23.065001	0.96884018
23.07	0.9698953
23.075001	0.9709534
23.08	0.97201037
23.084999	0.97306722
23.09	0.97325093
23.094999	0.97314441
23.1	0.97303528
23.105	0.9729228
23.110001	0.97280955
23.115	0.97269845
23.120001	0.97258544
23.125	0.97247255
23.129999	0.97235757
23.135	0.97224349
23.139999	0.97512031
23.145	0.97926193
23.15	0.98342174
23.155001	0.98758656
23.16	0.99175507
23.165001	0.99592811
23.17	1.0001044
23.174999	1.0042837
23.18	1.0084662
23.184999	1.0126535
23.190001	1.0125141
23.195	1.0101495
23.200001	1.0077536
23.205	1.0053543
23.209999	1.0029527
23.215	1.0005485
23.219999	0.99814111
23.225	0.99573117
23.23	0.9933176
23.235001	0.9908905
23.24	0.98900342
23.245001	0.98744017
23.25	0.98587197
23.254999	0.98430008
23.26	0.98272675
23.264999	0.98115194
23.27	0.97957426
23.275	0.97799438
23.280001	0.97641408
23.285	0.97483116
23.290001	0.97385055
23.295	0.97329181
23.299999	0.97273368
23.305	0.97217429
23.309999	0.97161335
23.315001	0.97105235
23.32	0.97049141
23.325001	0.96992838
23.33	0.9693647
23.334999	0.96880114
23.34	0.97045171
23.344999	0.9738732
23.35	0.9773069
23.355	0.98074269
23.360001	0.98418087
23.365	0.98762226
23.370001	0.99106747
23.375	0.99451655
23.379999	0.99796742
23.385	1.0014205
23.389999	1.0032749
23.395	1.0036938
23.4	1.0041062
23.405001	1.0045187
23.41	1.0049313
23.415001	1.0053452
23.42	1.0057586
23.424999	1.0061723
23.43	1.0065856
23.434999	1.0069958
23.440001	1.0053453
23.445	1.0016491
23.450001	0.9979375
23.455	0.99422133
23.459999	0.99050331
23.465	0.98678076
23.469999	0.98305261
23.475	0.97932106
23.48	0.97558504
23.485001	0.97184658
23.49	0.97041261
23.495001	0.9714694
23.5	0.97253692
23.504999	0.97360879
23.51	0.97468001
23.514999	0.97575128
23.52	0.97682387
23.525	0.97789657
23.530001	0.97896993
23.535	0.98004478
23.540001	0.98125631
23.545	0.98262721
23.549999	0.98399788
23.555	0.9853698
23.559999	0.98674428
23.565001	0.9881202
23.57	0.98949581
23.575001	0.99087244
23.58	0.99225116
23.584999	0.99362922
23.59	0.99453253
23.594999	0.99484682
23.6	0.9951576
23.605	0.99546885
23.610001	0.99577993
23.615	0.99609029
23.620001	0.99640203
23.625	0.9967134
23.629999	0.99702454
23.635	0.99733722
23.639999	0.99798912
23.645	0.99908227
23.65	1.0001786
23.655001	1.0012754
23.66	1.0023742
23.665001	1.0034724
23.67	1.0045723
23.674999	1.0056726
23.68	1.0067738
23.684999	1.0078757
23.690001	1.0086039
23.695	1.0088357
23.700001	1.009065
23.705	1.0092928
23.709999	1.0095223
23.715	1.0097517
23.719999	1.0099798
23.725	1.0102094
23.73	1.0104392
23.735001	1.0106679
23.74	1.0116032
23.745001	1.0134927
23.75	1.015386
23.754999	1.017283
23.76	1.0191798
23.764999	1.0210798
23.77	1.0229806
23.775	1.0248827
23.780001	1.0267888
23.785	1.0286916
23.790001	1.0285014
23.795	1.0254711
23.799999	1.0224251
23.805	1.019376
23.809999	1.0163238
23.815001	1.0132684
23.82	1.01021
23.825001	1.0071467
23.83	1.0040823
23.834999	1.001016
23.84	1.0001047
23.844999	1.0020809
23.85	1.0040709
23.855	1.0060636
23.860001	1.0080568
23.865	1.0100522
23.870001	1.0120493
23.875	1.0140469
23.879999	1.0160484
23.885	1.0180492
23.889999	1.0185537
23.895	1.0171142
23.9	1.0156658
23.905001	1.0142165
23.91	1.0127645
23.915001	1.0113099
23.92	1.0098542
23.924999	1.008397
23.93	1.0069382
23.934999	1.0054809
23.940001	1.0053073
23.945	1.0067346
23.950001	1.0081707
23.955	1.0096068
23.959999	1.0110449
23.965	1.012486
23.969999	1.0139266
23.975	1.0153694
23.98	1.016813
23.985001	1.0182561
23.99	1.0192184
23.995001	1.019617
24	1.0200137
24.004999	1.0204083
24.01	1.0208048
24.014999	1.0212015
24.02	1.0215967
24.025	1.021994
24.030001	1.0223918
24.035	1.022788
24.040001	1.0224804
24.045	1.0214012
24.049999	1.0203192
24.055	1.0192354
24.059999	1.0181497
24.065001	1.0170623
24.07	1.0159717
24.075001	1.0148822
24.08	1.0137928
24.084999	1.0126965
24.09	1.0100139
24.094999	1.0057333
24.1	1.0014408
24.105	0.99714458
24.110001	0.99284357
24.115	0.98853719
24.120001	0.98422754
24.125	0.97991246
24.129999	0.97559267
24.135	0.97128147
24.139999	0.97173917
24.145	0.97654414
24.15	0.9813717
24.155001	0.98620397
24.16	0.99104118
24.165001	0.99588239
24.17	1.0007287
24.174999	1.0055802
24.18	1.0104364
24.184999	1.0152903
24.190001	1.0175326
24.195	1.0176517
24.200001	1.0177625
24.205	1.0178733
24.209999	1.0179837
24.215	1.0180954
24.219999	1.0182066
24.225	1.0183183
24.23	1.0184298
24.235001	1.0185397
24.24	1.0183066
24.245001	1.0178289
24.25	1.0173513
24.254999	1.0168706
24.26	1.0163908
24.264999	1.0159116
24.27	1.0154307
24.275	1.014949
24.280001	1.0144678
24.285	1.0139886
24.290001	1.0143085
24.295	1.0151166
24.299999	1.015928
24.305	1.0167429
24.309999	1.017558
24.315001	1.0183716
24.32	1.0191869
24.325001	1.0200039
24.33	1.0208193
24.334999	1.021641
24.34	1.0234349
24.344999	1.0257307
24.35	1.0280312
24.355	1.0303333
24.360001	1.0326388
24.365	1.0349451
24.370001	1.0372553
24.375	1.0395671
24.379999	1.0418807
24.385	1.0441939
24.389999	1.0455289
24.395	1.0464523
24.4	1.0473746
24.405001	1.0482974
24.41	1.0492207
24.415001	1.0501472
24.42	1.0510724
24.424999	1.0519984
24.43	1.0529246
24.434999	1.0538452
24.440001	1.0518327
24.445	1.0488429
24.450001	1.0458474
24.455	1.0428475
24.459999	1.039844
24.465	1.036839
24.469999	1.0338302
24.475	1.0308186
24.48	1.0278032
24.485001	1.0247924
24.49	1.0238763
24.495001	1.023481
24.5	1.0230874
24.504999	1.0226958
24.51	1.0223024
24.514999	1.0219063
24.52	1.0215125
24.525	1.0211172
24.530001	1.0207232
24.535	1.0203369
24.540001	1.0222758
24.545	1.0246104
24.549999	1.026952
24.555	1.0292919
24.559999	1.031635
24.565001	1.0339823
24.57	1.0363342
24.575001	1.0386845
24.58	1.0410399
24.584999	1.0433749
24.59	1.040463
24.594999	1.0370487
24.6	1.0336258
24.605	1.0302031
24.610001	1.0267774
24.615	1.0233461
24.620001	1.0199118
24.625	1.016474
24.629999	1.0130334
24.635	1.0096099
24.639999	1.0109416
24.645	1.0123992
24.65	1.0138559
24.655001	1.0153174
24.66	1.0167793
24.665001	1.0182418
24.67	1.0197083
24.674999	1.0211728
24.68	1.022642
24.684999	1.023937
24.690001	1.021832
24.695	1.019713
24.700001	1.0175902
24.705	1.0154659
24.709999	1.0133401
24.715	1.0112107
24.719999	1.0090804
24.725	1.0069475
24.73	1.0048143
24.735001	1.0030371
24.74	1.0039384
24.745001	1.0048535
24.75	1.0057702
24.754999	1.0066863
24.76	1.0076047
24.764999	1.0085233
24.77	1.0094441
24.775	1.0103658
24.780001	1.0112896
24.785	1.0125736
24.790001	1.0153748
24.795	1.0181841
24.799999	1.0209963
24.805	1.0238123
24.809999	1.0266325
24.815001	1.0294541
24.82	1.0322795
24.825001	1.035107
24.83	1.0379319
24.834999	1.0394015
24.84	1.0371491
24.844999	1.0348791
24.85	1.0326084
24.855	1.0303355
24.860001	1.0280603
24.865	1.0257822
24.870001	1.0235032
24.875	1.0212203
24.879999	1.0189437
24.885	1.0182682
24.889999	1.0205911
24.895	1.0229288
24.9	1.0252692
24.905001	1.0276113
24.91	1.0299578
24.915001	1.0323055
24.92	1.0346562
24.924999	1.0370104
24.93	1.0393618
24.934999	1.0406017
24.940001	1.0403788
24.945	1.0401502
24.950001	1.0399216
24.955	1.0396938
24.959999	1.0394651
24.965	1.0392361
24.969999	1.0390086
24.975	1.0387801
24.98	1.038541
24.985001	1.036068
24.99	1.0315331
24.995001	1.0269864
25	1.0224364
25.004999	1.0178819
25.01	1.0133194
25.014999	1.0087537
25.02	1.0041863
25.025	0.99961239
25.030001	0.99505901
25.035	0.99572206
25.040001	0.99969751
25.045	1.0036895
25.049999	1.007687
25.055	1.0116879
25.059999	1.0156929
25.065001	1.019703
25.07	1.0237181
25.075001	1.0277379
25.08	1.031734
25.084999	1.0308914
25.09	1.028043
25.094999	1.0251833
25.1	1.0223193
25.105	1.0194553
25.110001	1.0165856
25.115	1.0137163
25.120001	1.010844
25.125	1.0079665
25.129999	1.0051018
25.135	1.0051174
25.139999	1.005824
25.145	1.0065327
25.15	1.0072435
25.155001	1.0079558
25.16	1.0086675
25.165001	1.0093817
25.17	1.0100957
25.174999	1.0108123
25.18	1.0115134
25.184999	1.0095276
25.190001	1.0072726
25.195	1.0050143
25.200001	1.0027534
25.205	1.0004907
25.209999	0.99822867
25.215	0.9959631
25.219999	0.99369538
25.225	0.99142796
25.23	0.98920274
25.235001	0.98875153
25.24	0.98830652
25.245001	0.98786426
25.25	0.98742151
25.254999	0.98697644
25.26	0.98653251
25.264999	0.98608816
25.27	0.98564094
25.275	0.98520005
25.280001	0.98494208
25.285	0.98585439
25.290001	0.98677331
25.295	0.98769403
25.299999	0.98861682
25.305	0.98954082
25.309999	0.99046475
25.315001	0.99139225
25.32	0.99231786
25.325001	0.99324948
25.33	0.9949531
25.334999	0.99895781
25.34	1.0029768
25.344999	1.0069991
25.35	1.0110273
25.355	1.0150583
25.360001	1.019093
25.365	1.0231328
25.370001	1.0271779
25.375	1.0312103
25.379999	1.0320913
25.385	1.0275834
25.389999	1.0230492
25.395	1.0185115
25.4	1.0139692
25.405001	1.009421
25.41	1.0048677
25.415001	1.0003136
25.42	0.99575591
25.424999	0.99122399
25.43	0.99191797
25.434999	0.99803811
25.440001	1.004186
25.445	1.0103402
25.450001	1.0165007
25.455	1.0226693
25.459999	1.0288442
25.465	1.0350244
25.469999	1.0412126
25.475	1.0473715
25.48	1.0479707
25.485001	1.0451154
25.49	1.0422436
25.495001	1.0393679
25.5	1.0364879
25.504999	1.0336068
25.51	1.0307239
25.514999	1.027836
25.52	1.0249463
25.525	1.022051
25.530001	1.0182644
25.535	1.0141685
25.540001	1.0100701
25.545	1.005969
25.549999	1.0018631
25.555	0.99775344
25.559999	0.99363899
25.565001	0.98952061
25.57	0.98539853
25.575001	0.9812966
25.58	0.98059106
25.584999	0.9803493
25.59	0.98010933
25.594999	0.97986966
25.6	0.97962874
25.605	0.97938794
25.610001	0.9791472
25.615	0.97890937
25.620001	0.97866631
25.625	0.97837454
25.629999	0.97619712
25.635	0.97400969
25.639999	0.97182208
25.645	0.96963036
25.65	0.96743608
25.655001	0.96524382
25.66	0.96304774
25.665001	0.96085143
25.67	0.95866066
25.674999	0.95774341
25.68	0.96307558
25.684999	0.96844375
25.690001	0.97381634
25.695	0.97919542
25.700001	0.98458284
25.705	0.98997957
25.709999	0.99538273
25.715	1.0007917
