0.2	4.1027417
0.205	3.846133
0.20999999	3.626013
0.215	3.4292407
0.22	3.2269449
0.22499999	3.0533121
0.23	2.9026866
0.235	2.7513685
0.23999999	2.6039498
0.245	2.4812124
0.25	2.3868482
0.255	2.2777951
0.25999999	2.176759
0.26499999	2.0743363
0.27000001	2.0001724
0.27500001	1.9092855
0.28	1.828969
0.285	1.763635
0.28999999	1.7117012
0.29499999	1.6548136
0.30000001	1.5889229
0.30500001	1.5416222
0.31	1.5161195
0.315	1.4633838
0.31999999	1.4047773
0.32499999	1.3827219
0.33000001	1.3350011
0.33500001	1.2926888
0.34	1.2682573
0.345	1.2269974
0.34999999	1.2009664
0.35499999	1.1727884
0.36000001	1.1527976
0.36500001	1.1310196
0.37	1.1042547
0.375	1.089246
0.38	1.0689229
0.38499999	1.0730734
0.38999999	1.052815
0.39500001	1.0352653
0.40000001	1.0412869
0.405	1.0252721
0.41	1.0184805
0.41499999	1.0103376
0.41999999	1.0049415
0.42500001	1.0179905
0.43000001	1.0276071
0.435	1.0306395
0.44	1.0531098
0.44499999	1.0821432
0.44999999	1.1213846
0.45500001	1.1601776
0.46000001	1.2167015
0.465	1.2988968
0.47	1.3947001
0.47499999	1.4992878
0.47999999	1.6581734
0.48500001	1.850705
0.49000001	2.0776501
0.495	2.3467369
0.5	2.6612732
0.505	3.0102379
0.50999999	3.3540058
0.51499999	3.6725519
0.51999998	3.9783168
0.52499998	4.2567191
0.52999997	4.5434718
0.53500003	4.7828217
0.54000002	4.9815135
0.54500002	5.1635976
0.55000001	5.2349977
0.55500001	5.2328219
0.56	5.1506457
0.565	4.9556675
0.56999999	4.6898956
0.57499999	4.3863449
0.57999998	4.0197806
0.58499998	3.651721
0.58999997	3.2373674
0.59500003	2.878078
0.60000002	2.5695815
0.60500002	2.2915452
0.61000001	2.0540349
0.61500001	1.818988
0.62	1.6413434
0.625	1.4971166
0.63	1.3573906
0.63499999	1.2448869
0.63999999	1.1530769
0.64499998	1.0900199
0.64999998	1.0217175
0.65499997	0.96458095
0.66000003	0.9072333
0.66500002	0.86271262
0.67000002	0.82945079
0.67500001	0.80374044
0.68000001	0.76701331
0.685	0.72768718
0.69	0.70159268
0.69499999	0.68830401
0.69999999	0.67612976
0.70499998	0.65929604
0.70999998	0.63908982
0.71499997	0.61353493
0.72000003	0.6186558
0.72500002	0.60528648
0.73000002	0.5920288
0.73500001	0.58765131
0.74000001	0.58196646
0.745	0.56856692
0.75	0.55950439
0.755	0.55284876
0.75999999	0.55040741
0.76499999	0.55226684
0.76999998	0.54877669
0.77499998	0.55088288
0.77999997	0.54933298
0.78500003	0.55357605
0.79000002	0.55711544
0.79500002	0.55533081
0.80000001	0.55428571
0.80500001	0.56730729
0.81	0.56762105
0.815	0.57450163
0.81999999	0.58235359
0.82499999	0.58342373
0.82999998	0.58639193
0.83499998	0.5910871
0.83999997	0.59085304
0.84500003	0.58049941
0.85000002	0.57673651
0.85500002	0.57401109
0.86000001	0.57034284
0.86500001	0.56213999
0.87	0.54049373
0.875	0.53243893
0.88	0.51435924
0.88499999	0.50081891
0.88999999	0.48580226
0.89499998	0.46677893
0.89999998	0.46141928
0.90499997	0.43744314
0.91000003	0.42621076
0.91500002	0.42286596
0.92000002	0.41665697
0.92500001	0.43074253
0.93000001	0.4460322
0.935	0.46844938
0.94	0.51792896
0.94499999	0.57493776
0.94999999	0.62013251
0.95499998	0.63709885
0.95999998	0.6215893
0.96499997	0.58286369
0.97000003	0.52882224
0.97500002	0.48158848
0.98000002	0.42867362
0.98500001	0.39049184
0.99000001	0.40463051
0.995	0.41826755
1	0.44975013
1.005	0.49037865
1.01	0.53074664
1.015	0.58400464
1.02	0.63868648
1.025	0.68424326
1.03	0.73161924
1.035	0.77358711
1.04	0.79687077
1.045	0.78539991
1.05	0.77102083
1.0549999	0.73386967
1.0599999	0.68723327
1.0650001	0.63451135
1.0700001	0.59492934
1.075	0.55812746
1.08	0.52581251
1.085	0.50531113
1.09	0.48909441
1.095	0.46924841
1.1	0.45588562
1.105	0.45321649
1.11	0.45527515
1.115	0.4351818
1.12	0.43855676
1.125	0.44341037
1.13	0.43744034
1.135	0.44284695
1.14	0.446935
1.145	0.44357002
1.15	0.44482592
1.155	0.45226625
1.16	0.45722163
1.165	0.46178314
1.17	0.46639273
1.175	0.47601464
1.1799999	0.47841194
1.1849999	0.47130466
1.1900001	0.47954467
1.1950001	0.48753437
1.2	0.48885396
1.205	0.5012126
1.21	0.51294404
1.215	0.52115268
1.22	0.52768111
1.225	0.53236109
1.23	0.54126012
1.235	0.54957432
1.24	0.55760056
1.245	0.56880713
1.25	0.59022945
1.255	0.59188795
1.26	0.60286945
1.265	0.61825979
1.27	0.6315493
1.275	0.64104712
1.28	0.64121777
1.285	0.65093076
1.29	0.67818642
1.295	0.6912896
1.3	0.68834877
1.3049999	0.69266605
1.3099999	0.69613194
1.3150001	0.6917541
1.3200001	0.70028436
1.325	0.70170474
1.33	0.69674218
1.335	0.70147008
1.34	0.70576817
1.345	0.70468485
1.35	0.70067608
1.355	0.70216483
1.36	0.70891458
1.365	0.70391721
1.37	0.71920371
1.375	0.71520841
1.38	0.71636862
1.385	0.73403817
1.39	0.73309809
1.395	0.73429435
1.4	0.73782253
1.405	0.75589669
1.41	0.76899654
1.415	0.77809054
1.42	0.80293006
1.425	0.82694554
1.4299999	0.8265596
1.4349999	0.84560686
1.4400001	0.86735272
1.4450001	0.89635807
1.45	0.90488064
1.455	0.92171377
1.46	0.94847816
1.465	0.99173659
1.47	1.0259044
1.475	1.0539775
1.48	1.0881171
1.485	1.1354718
1.49	1.1919664
1.495	1.2417138
1.5	1.3050374
1.505	1.3843557
1.51	1.4529091
1.515	1.5133526
1.52	1.5678508
1.525	1.6116406
1.53	1.6603987
1.535	1.7121909
1.54	1.7622491
1.545	1.8286626
1.55	1.9210931
1.5549999	2.0319817
1.5599999	2.1798236
1.5650001	2.394146
1.5700001	2.6285744
1.575	2.9028037
1.58	3.190012
1.585	3.4621439
1.59	3.6284196
1.595	3.7240815
1.6	3.7121608
1.605	3.5761397
1.61	3.329411
1.615	3.0162513
1.62	2.6705883
1.625	2.3069582
1.63	2.0036323
1.635	1.7739452
1.64	1.6104572
1.645	1.4800576
1.65	1.3863924
1.655	1.3136296
1.66	1.2581089
1.665	1.2202272
1.67	1.1804457
1.675	1.1476598
1.6799999	1.1317543
1.6849999	1.1203715
1.6900001	1.1100961
1.6950001	1.1096933
1.7	1.1007142
1.705	1.091297
1.71	1.0990813
1.715	1.1034373
1.72	1.1086823
1.725	1.1122561
1.73	1.1284693
1.735	1.134588
1.74	1.1292402
1.745	1.13959
1.75	1.1661713
1.755	1.1798702
1.76	1.1850442
1.765	1.2024537
1.77	1.2325578
1.775	1.2770236
1.78	1.283139
1.785	1.2940875
1.79	1.3100358
1.795	1.3124948
1.8	1.3024217
1.8049999	1.2815739
1.8099999	1.2498552
1.8150001	1.1993607
1.8200001	1.137148
1.825	1.1000042
1.83	1.065598
1.835	1.0442855
1.84	1.0095348
1.845	0.98329407
1.85	0.96841413
1.855	0.97383952
1.86	0.96452433
1.865	0.95164734
1.87	0.96763653
1.875	0.98820728
1.88	0.99889302
1.885	1.0316397
1.89	1.0806355
1.895	1.1308429
1.9	1.1777434
1.905	1.225583
1.91	1.2367975
1.915	1.2292376
1.92	1.1926955
1.925	1.1258759
1.9299999	1.0623162
1.9349999	1.0118272
1.9400001	0.96486479
1.9450001	0.93210012
1.95	0.92631525
1.955	0.92984968
1.96	0.93617493
1.965	0.92388117
1.97	0.93765068
1.975	0.94115973
1.98	0.95248252
1.985	0.95660985
1.99	0.96728003
1.995	0.98339105
2	1.0039062
2.0050001	1.0258796
2.01	1.0540792
2.0150001	1.0830824
2.02	1.0935235
2.0250001	1.1039679
2.03	1.1178849
2.0350001	1.1135724
2.04	1.0985018
2.0450001	1.0926734
2.05	1.0771694
2.0550001	1.0590971
2.0599999	1.0494405
2.0650001	1.0304654
2.0699999	1.0376554
2.075	1.0629569
2.0799999	1.0644759
2.085	1.0543628
2.0899999	1.0352386
2.095	1.0390154
2.0999999	1.0019833
2.105	0.94700426
2.1099999	0.90476155
2.115	0.86785203
2.1199999	0.85696512
2.125	0.83132035
2.1300001	0.82840192
2.135	0.83221394
2.1400001	0.83151847
2.145	0.83994174
2.1500001	0.84480435
2.155	0.84497285
2.1600001	0.84372824
2.165	0.815938
2.1700001	0.80603874
2.175	0.79593599
2.1800001	0.7857582
2.1849999	0.7754733
2.1900001	0.76502711
2.1949999	0.75470841
2.2	0.7444101
2.2049999	0.73399568
2.21	0.72345924
2.2149999	0.71289039
2.22	0.70430529
2.2249999	0.70220816
2.23	0.70050377
2.2349999	0.69807464
2.24	0.6960718
2.2449999	0.69410127
2.25	0.69211221
2.2550001	0.69006783
2.26	0.68792039
2.2650001	0.68596584
2.27	0.68396187
2.2750001	0.68513346
2.28	0.69151163
2.2850001	0.69791555
2.29	0.70434219
2.2950001	0.71081996
2.3	0.71724105
2.3050001	0.72378367
2.3099999	0.73012507
2.3150001	0.7365818
2.3199999	0.74332273
2.325	0.74989837
2.3299999	0.74648732
2.335	0.73580343
2.3399999	0.72504377
2.345	0.71419758
2.3499999	0.70315909
2.355	0.69222349
2.3599999	0.68090343
2.365	0.66952002
2.3699999	0.65828478
2.375	0.6467061
2.3800001	0.63525224
2.385	0.62750876
2.3900001	0.62062037
2.395	0.61370021
2.4000001	0.6068787
2.405	0.60006458
2.4100001	0.5932529
2.415	0.58648598
2.4200001	0.57973927
2.425	0.57298476
2.4300001	0.56614196
2.4349999	0.55922568
2.4400001	0.55606568
2.4449999	0.55344164
2.45	0.55050898
2.4549999	0.5475952
2.46	0.54477245
2.4649999	0.54198593
2.47	0.53915185
2.4749999	0.53612494
2.48	0.53301513
2.4849999	0.53023833
2.49	0.52888805
2.4949999	0.53691405
2.5	0.54483348
2.5050001	0.55311483
2.51	0.5612331
2.5150001	0.56944418
2.52	0.57768124
2.5250001	0.58591551
2.53	0.59419537
2.5350001	0.60259718
2.54	0.61086196
2.5450001	0.61476743
2.55	0.60976177
2.5550001	0.60504884
2.5599999	0.60001147
2.5650001	0.59474897
2.5699999	0.58963054
2.575	0.58455664
2.5799999	0.57943916
2.585	0.57462698
2.5899999	0.56967634
2.595	0.5644747
2.5999999	0.56080854
2.605	0.55869043
2.6099999	0.55644435
2.615	0.55429208
2.6199999	0.55196047
2.625	0.54967242
2.6300001	0.54739833
2.635	0.5450691
2.6400001	0.5427196
2.645	0.54029083
2.6500001	0.5376581
2.655	0.53276384
2.6600001	0.52648711
2.665	0.52010959
2.6700001	0.51370198
2.675	0.50726336
2.6800001	0.50102979
2.6849999	0.49459288
2.6900001	0.48837152
2.6949999	0.481801
2.7	0.4754428
2.7049999	0.469109
2.71	0.46819547
2.7149999	0.46837255
2.72	0.46840593
2.7249999	0.46855479
2.73	0.4688338
2.7349999	0.46903083
2.74	0.46906179
2.7449999	0.46901244
2.75	0.46908399
2.7550001	0.4693186
2.76	0.46946654
2.7650001	0.47208303
2.77	0.47471106
2.7750001	0.47727817
2.78	0.48010093
2.7850001	0.48264331
2.79	0.48511419
2.7950001	0.48775977
2.8	0.49051815
2.8050001	0.49321461
2.8099999	0.49579826
2.8150001	0.49882591
2.8199999	0.50344002
2.825	0.50795704
2.8299999	0.51267427
2.835	0.51709348
2.8399999	0.52195084
2.845	0.52667248
2.8499999	0.53123415
2.855	0.53572482
2.8599999	0.5402261
2.865	0.54495066
2.8699999	0.54856116
2.875	0.55042231
2.8800001	0.5524931
2.885	0.55431408
2.8900001	0.55620158
2.895	0.5581938
2.9000001	0.55997556
2.905	0.56201279
2.9100001	0.56380993
2.915	0.5656929
2.9200001	0.56756687
2.925	0.57222068
2.9300001	0.57876432
2.9349999	0.58522671
2.9400001	0.59166926
2.9449999	0.59815294
2.95	0.60445899
2.9549999	0.61121911
2.96	0.61787307
2.9649999	0.62442571
2.97	0.63114369
2.9749999	0.63799393
2.98	0.65798354
2.9849999	0.68221402
2.99	0.70657974
2.9949999	0.73089832
3	0.75544971
3.0050001	0.78009075
3.01	0.80453318
3.0150001	0.82924008
3.02	0.85427547
3.0250001	0.8789376
3.03	0.90407038
3.0350001	0.88795882
3.04	0.87061977
3.0450001	0.8531633
3.05	0.83533621
3.0550001	0.8174842
3.0599999	0.79943764
3.0650001	0.78126258
3.0699999	0.76312798
3.075	0.74501729
3.0799999	0.72700638
3.085	0.71082389
3.0899999	0.70545405
3.095	0.70004427
3.0999999	0.69479394
3.105	0.68942273
3.1099999	0.68414909
3.115	0.67907667
3.1199999	0.67377245
3.125	0.66830939
3.1300001	0.66300184
3.135	0.65776223
3.1400001	0.65515959
3.145	0.65792561
3.1500001	0.66087037
3.155	0.66353691
3.1600001	0.66616619
3.165	0.66865277
3.1700001	0.67136633
3.175	0.67401248
3.1800001	0.67670316
3.1849999	0.67952347
3.1900001	0.68226302
3.1949999	0.68341732
3.2	0.68324417
3.2049999	0.68311512
3.21	0.68309844
3.2149999	0.68307376
3.22	0.68272197
3.2249999	0.68252903
3.23	0.68248576
3.2349999	0.6821453
3.24	0.68204683
3.2449999	0.6820786
3.25	0.6847865
3.2550001	0.68876004
3.26	0.69278085
3.2650001	0.69666874
3.27	0.70067114
3.2750001	0.70493162
3.28	0.70910031
3.2850001	0.71318281
3.29	0.71732825
3.2950001	0.72148818
3.3	0.72533447
3.3050001	0.72733498
3.3099999	0.7292003
3.3150001	0.73087502
3.3199999	0.73257256
3.325	0.73416364
3.3299999	0.73585701
3.335	0.73747569
3.3399999	0.73883468
3.345	0.74053609
3.3499999	0.74240035
3.355	0.74339598
3.3599999	0.74087644
3.365	0.73879868
3.3699999	0.73645043
3.375	0.73391122
3.3800001	0.7316373
3.385	0.72941387
3.3900001	0.72717947
3.395	0.72475946
3.4000001	0.72212297
3.405	0.71967936
3.4100001	0.7162568
3.415	0.70928693
3.4200001	0.70213068
3.425	0.6948458
3.4300001	0.6875003
3.4349999	0.6803996
3.4400001	0.67293918
3.4449999	0.6658498
3.45	0.65849054
3.4549999	0.65109599
3.46	0.64362305
3.4649999	0.6410706
3.47	0.64400703
3.4749999	0.64699
3.48	0.64991266
3.4849999	0.65231961
3.49	0.6553368
3.4949999	0.65840596
3.5	0.6614449
3.5050001	0.66448998
3.51	0.66752201
3.5150001	0.6707468
3.52	0.67889607
3.5250001	0.68952417
3.53	0.70034701
3.5350001	0.71130484
3.54	0.7222622
3.5450001	0.73316479
3.55	0.74400741
3.5550001	0.75538212
3.5599999	0.7663365
3.5650001	0.77715665
3.5699999	0.78879446
3.575	0.79222262
3.5799999	0.79469264
3.585	0.79732555
3.5899999	0.80016351
3.595	0.8027333
3.5999999	0.80510795
3.605	0.80760276
3.6099999	0.81007075
3.615	0.81265873
3.6199999	0.81529486
3.625	0.8171761
3.6300001	0.81134379
3.635	0.80549574
3.6400001	0.79940724
3.645	0.79364455
3.6500001	0.78760958
3.655	0.78156215
3.6600001	0.77545363
3.665	0.76931602
3.6700001	0.76315415
3.675	0.75690222
3.6800001	0.75150037
3.6849999	0.74837524
3.6900001	0.74507326
3.6949999	0.7419228
3.7	0.73884678
3.7049999	0.73582041
3.71	0.73245811
3.7149999	0.72920442
3.72	0.7261405
3.7249999	0.72303897
3.73	0.71977341
3.7349999	0.72202283
3.74	0.73147374
3.7449999	0.74090409
3.75	0.75025171
3.7550001	0.75944215
3.76	0.76891547
3.7650001	0.77863729
3.77	0.78802115
3.7750001	0.7978977
3.78	0.80754453
3.7850001	0.81748283
3.79	0.82660794
3.7950001	0.83518666
3.8	0.84379333
3.8050001	0.85242808
3.8099999	0.86109102
3.8150001	0.86978245
3.8199999	0.87850213
3.825	0.8872503
3.8299999	0.89602733
3.835	0.90483522
3.8399999	0.91367173
3.845	0.90788072
3.8499999	0.89895976
3.855	0.89000171
3.8599999	0.88100773
3.865	0.87197769
3.8699999	0.86291164
3.875	0.85380942
3.8800001	0.84467101
3.885	0.83549625
3.8900001	0.82628495
3.895	0.81723362
3.9000001	0.81769055
3.905	0.81814909
3.9100001	0.81860673
3.915	0.81906277
3.9200001	0.81951761
3.925	0.81997114
3.9300001	0.82042301
3.9349999	0.82087356
3.9400001	0.82132304
3.9449999	0.82177103
3.95	0.82275355
3.9549999	0.82568711
3.96	0.82862926
3.9649999	0.83157897
3.97	0.83453697
3.9749999	0.8375026
3.98	0.84047586
3.9849999	0.84345645
3.99	0.8464449
3.9949999	0.84944117
4	0.85244495
4.0050001	0.85535157
4.0100002	0.85811573
4.0149999	0.86088669
4.02	0.86366445
4.0250001	0.86644894
4.0300002	0.86924046
4.0349998	0.87203932
4.04	0.87484527
4.0450001	0.87765801
4.0500002	0.88047773
4.0549998	0.88330436
4.0599999	0.88937795
4.0650001	0.89755863
4.0700002	0.90576637
4.0749998	0.91400027
4.0799999	0.92225993
4.085	0.93054569
4.0900002	0.93885803
4.0949998	0.94719601
4.0999999	0.95556182
4.105	0.96395522
4.1100001	0.97237444
4.1149998	0.98648959
4.1199999	1.0020239
4.125	1.0176101
4.1300001	1.0332482
4.1350002	1.0489377
4.1399999	1.064679
4.145	1.0804722
4.1500001	1.0963174
4.1550002	1.1122158
4.1599998	1.1281651
4.165	1.1441383
4.1700001	1.1510352
4.1750002	1.1579486
4.1799998	1.1648824
4.1849999	1.1718367
4.1900001	1.1788112
4.1950002	1.1858058
4.1999998	1.1928209
4.2049999	1.1998568
4.21	1.2069131
4.2150002	1.2139899
4.2199998	1.2188478
4.2249999	1.2148502
4.23	1.2108312
4.2350001	1.2067922
4.2399998	1.2027346
4.2449999	1.1986581
4.25	1.1945636
4.2550001	1.1904505
4.2600002	1.1863189
4.2649999	1.1821686
4.27	1.1779996
4.2750001	1.1773254
4.2800002	1.1818984
4.2849998	1.1864853
4.29	1.191084
4.2950001	1.195695
4.3000002	1.2003179
4.3049998	1.2049534
4.3099999	1.2096016
4.3150001	1.2142613
4.3200002	1.2189332
4.3249998	1.2236172
4.3299999	1.2263736
4.335	1.2278441
4.3400002	1.2293152
4.3449998	1.2307872
4.3499999	1.2322599
4.355	1.2337335
4.3600001	1.235208
4.3649998	1.2366836
4.3699999	1.2381606
4.375	1.2396377
4.3800001	1.2411162
4.3850002	1.2389241
4.3899999	1.2358066
4.395	1.2326728
4.4000001	1.2295244
4.4050002	1.2263612
4.4099998	1.2231829
4.415	1.2199897
4.4200001	1.216781
4.4250002	1.2135574
4.4299998	1.2103189
4.4349999	1.2070789
4.4400001	1.2111193
4.4450002	1.2151717
4.4499998	1.2192341
4.4549999	1.2233062
4.46	1.2273886
4.4650002	1.231481
4.4699998	1.2355832
4.4749999	1.2396953
4.48	1.2438178
4.4850001	1.2477721
4.4899998	1.252661
4.4949999	1.2629402
4.5	1.273254
4.5050001	1.2835996
4.5100002	1.2939781
4.5149999	1.3043878
4.52	1.3148289
4.5250001	1.3253011
4.5300002	1.3358042
4.5349998	1.3463396
4.54	1.3569059
4.5450001	1.3590299
4.5500002	1.3487674
4.5549998	1.3384563
4.5599999	1.3281059
4.5650001	1.3177153
4.5700002	1.3072851
4.5749998	1.2968106
4.5799999	1.2862957
4.585	1.2757404
4.5900002	1.2651455
4.5949998	1.2545097
4.5999999	1.2473167
4.605	1.242331
4.6100001	1.2373263
4.6149998	1.2323005
4.6199999	1.2272538
4.625	1.2221859
4.6300001	1.2170973
4.6350002	1.2119874
4.6399999	1.2068552
4.645	1.2017009
4.6500001	1.1965261
4.6550002	1.1950302
4.6599998	1.1943779
4.665	1.1937206
4.6700001	1.1930571
4.6750002	1.1923877
4.6799998	1.1917124
4.6849999	1.1910311
4.6900001	1.1903435
4.6950002	1.1896504
4.6999998	1.188951
4.7049999	1.1883014
4.71	1.1907398
4.7150002	1.1931844
4.7199998	1.1956336
4.7249999	1.1980875
4.73	1.2005458
4.7350001	1.2030084
4.7399998	1.2054756
4.7449999	1.2079473
4.75	1.2104234
4.7550001	1.2129041
4.7600002	1.2159237
4.7649999	1.2208111
4.77	1.2257124
4.7750001	1.2306263
4.7800002	1.235554
4.7849998	1.240494
4.79	1.2454472
4.7950001	1.2504127
4.8000002	1.2553906
4.8049998	1.2603817
4.8099999	1.2653853
4.8150001	1.2699966
4.8200002	1.2740799
4.8249998	1.2781725
4.8299999	1.2822747
4.835	1.2863861
4.8400002	1.2905078
4.8449998	1.2946391
4.8499999	1.2987807
4.855	1.3029318
4.8600001	1.3070927
4.8649998	1.31181
4.8699999	1.3128617
4.875	1.3116778
4.8800001	1.3104838
4.8850002	1.3092821
4.8899999	1.3080724
4.895	1.3068552
4.9000001	1.30563
4.9050002	1.3043967
4.9099998	1.3031554
4.915	1.301906
4.9200001	1.3006512
4.9250002	1.3071437
4.9299998	1.3151021
4.9349999	1.3230845
4.9400001	1.331089
4.9450002	1.3391161
4.9499998	1.3471652
4.9549999	1.3552368
4.96	1.3633308
4.9650002	1.3714473
4.9699998	1.3795862
4.9749999	1.3877906
4.98	1.3967937
4.9850001	1.4058241
4.9899998	1.4148804
4.9949999	1.4239621
5	1.4330686
5.0050001	1.4422011
5.0100002	1.451359
5.0149999	1.4605424
5.02	1.4697514
5.0250001	1.4789847
5.0300002	1.4863822
5.0349998	1.4885142
5.04	1.4906443
5.0450001	1.4927764
5.0500002	1.4949118
5.0549998	1.4970492
5.0599999	1.4991895
5.0650001	1.5013324
5.0700002	1.5034777
5.0749998	1.5056255
5.0799999	1.5077751
5.085	1.5086211
5.0900002	1.5079927
5.0949998	1.5073566
5.0999999	1.5067141
5.105	1.5060654
5.1100001	1.5054101
5.1149998	1.5047476
5.1199999	1.5040787
5.125	1.5034034
5.1300001	1.5027213
5.1350002	1.5020324
5.1399999	1.5007753
5.145	1.4992462
5.1500001	1.4977075
5.1550002	1.4961597
5.1599998	1.4946024
5.165	1.493036
5.1700001	1.49146
5.1750002	1.489875
5.1799998	1.4882805
5.1849999	1.486676
5.1900001	1.4850626
5.1950002	1.4836854
5.1999998	1.48233
5.2049999	1.4809662
5.21	1.4795938
5.2150002	1.4782128
5.2199998	1.4768229
5.2249999	1.4754243
5.23	1.4740175
5.2350001	1.4726019
5.2399998	1.4711763
5.2449999	1.4687468
5.25	1.4577645
5.2550001	1.4467326
5.2600002	1.4356607
5.2649999	1.4245505
5.27	1.4134005
5.2750001	1.4022108
5.2800002	1.3909819
5.2849998	1.3797133
5.29	1.3684055
5.2950001	1.3570585
5.3000002	1.3467106
5.3049998	1.3385648
5.3099999	1.3303915
5.3150001	1.3221883
5.3200002	1.3139561
5.3249998	1.3056914
5.3299999	1.2973964
5.335	1.2890722
5.3400002	1.280718
5.3449998	1.2723342
5.3499999	1.2639211
5.355	1.2559465
5.3600001	1.2483579
5.3649998	1.2407422
5.3699999	1.2330991
5.375	1.2254291
5.3800001	1.2177311
5.3850002	1.2100065
5.3899999	1.2022529
5.395	1.1944705
5.4000001	1.1866601
5.4050002	1.1788238
5.4099998	1.1724299
5.415	1.1665175
5.4200001	1.160584
5.4250002	1.1546289
5.4299998	1.148652
5.4349999	1.1426532
5.4400001	1.1366328
5.4450002	1.1305906
5.4499998	1.1245264
5.4549999	1.1184409
5.46	1.1123297
5.4650002	1.1034412
5.4699998	1.0944057
5.4749999	1.0853392
5.48	1.0762419
5.4850001	1.067113
5.4899998	1.0579529
5.4949999	1.0487617
5.5	1.0395393
5.5050001	1.0302858
5.5100002	1.0210023
5.5149999	1.0128422
5.52	1.0100212
5.5250001	1.0071937
5.5300002	1.0043544
5.5349998	1.0015035
5.54	0.99864113
5.5450001	0.9957673
5.5500002	0.99288231
5.5549998	0.98998606
5.5599999	0.98707843
5.5650001	0.98415852
5.5700002	0.98067093
5.5749998	0.97631341
5.5799999	0.97193909
5.585	0.96754897
5.5900002	0.96314275
5.5949998	0.95872092
5.5999999	0.95428205
5.605	0.9498269
5.6100001	0.94535595
5.6149998	0.94086832
5.6199999	0.93636537
5.625	0.93201447
5.6300001	0.9277547
5.6350002	0.92348015
5.6399999	0.91919041
5.645	0.91488492
5.6500001	0.9105643
5.6550002	0.90622818
5.6599998	0.90187645
5.665	0.89750922
5.6700001	0.89312506
5.6750002	0.88872826
5.6799998	0.88633811
5.6849999	0.88435429
5.6900001	0.8823629
5.6950002	0.88036335
5.6999998	0.87835568
5.7049999	0.87633979
5.71	0.87431568
5.7150002	0.8722834
5.7199998	0.87024271
5.7249999	0.86819345
5.73	0.8659333
5.7350001	0.85985166
5.7399998	0.85374463
5.7449999	0.84761703
5.75	0.84146929
5.7550001	0.83530086
5.7600002	0.82911164
5.7649999	0.82290173
5.77	0.81667119
5.7750001	0.81041992
5.7800002	0.80414927
5.7849998	0.7987687
5.79	0.79582667
5.7950001	0.79287606
5.8000002	0.78991532
5.8049998	0.78694248
5.8099999	0.78395879
5.8150001	0.78096485
5.8200002	0.77795988
5.8249998	0.77494419
5.8299999	0.77191752
5.835	0.76888293
5.8400002	0.76808864
5.8449998	0.76961976
5.8499999	0.77115613
5.855	0.77269524
5.8600001	0.77423716
5.8649998	0.77578223
5.8699999	0.7773304
5.875	0.77888161
5.8800001	0.78043562
5.8850002	0.78199291
5.8899999	0.78355169
5.895	0.78423595
5.9000001	0.78456736
5.9050002	0.78489763
5.9099998	0.78522736
5.915	0.78555644
5.9200001	0.78588462
5.9250002	0.78621203
5.9299998	0.78653896
5.9349999	0.78686482
5.9400001	0.78719014
5.9450002	0.78751165
5.9499998	0.78560293
5.9549999	0.78353423
5.96	0.78145742
5.9650002	0.77937281
5.9699998	0.77728039
5.9749999	0.77517986
5.98	0.77307141
5.9850001	0.77095515
5.9899998	0.76883084
5.9949999	0.76669961
6	0.76517856
6.0050001	0.76686108
6.0100002	0.76854992
6.0149999	0.77024251
6.02	0.77193797
6.0250001	0.77363682
6.0300002	0.77533931
6.0349998	0.77704513
6.04	0.77875435
6.0450001	0.78046691
6.0500002	0.78218371
6.0549998	0.78441018
6.0599999	0.78744745
6.0650001	0.79049253
6.0700002	0.79354471
6.0749998	0.79660416
6.0799999	0.79967129
6.085	0.80274612
6.0900002	0.80582821
6.0949998	0.80891776
6.0999999	0.81201476
6.105	0.81511521
6.1100001	0.81586313
6.1149998	0.8151111
6.1199999	0.81435382
6.125	0.81359273
6.1300001	0.81282759
6.1350002	0.81205827
6.1399999	0.81128484
6.145	0.81050766
6.1500001	0.80972588
6.1550002	0.80894029
6.1599998	0.8081519
6.165	0.8082999
6.1700001	0.80862898
6.1750002	0.80895734
6.1799998	0.80928504
6.1849999	0.8096118
6.1900001	0.80993778
6.1950002	0.81026292
6.1999998	0.81058729
6.2049999	0.81091088
6.21	0.81123424
6.2150002	0.81169403
6.2199998	0.81406206
6.2249999	0.81643724
6.23	0.8188175
6.2350001	0.82120287
6.2399998	0.82359356
6.2449999	0.82598937
6.25	0.8283903
6.2550001	0.83079654
6.2600002	0.83320785
6.2649999	0.83562386
6.27	0.83789796
6.2750001	0.83982456
6.2800002	0.84175432
6.2849998	0.84368771
6.29	0.84562528
6.2950001	0.84756678
6.3000002	0.84951186
6.3049998	0.85146105
6.3099999	0.85341382
6.3150001	0.85537046
6.3200002	0.85733145
6.3249998	0.85963732
6.3299999	0.86225766
6.335	0.86488402
6.3400002	0.8675161
6.3449998	0.87015355
6.3499999	0.87279683
6.355	0.8754462
6.3600001	0.87810075
6.3649998	0.8807618
6.3699999	0.88342857
6.375	0.88609594
6.3800001	0.88594085
6.3850002	0.8848626
6.3899999	0.88377839
6.395	0.88268918
6.4000001	0.8815949
6.4050002	0.88049543
6.4099998	0.87939101
6.415	0.87828147
6.4200001	0.87716693
6.4250002	0.87604773
6.4299998	0.87492806
6.4349999	0.87686408
6.4400001	0.87884891
6.4450002	0.8808375
6.4499998	0.88282996
6.4549999	0.88482612
6.46	0.88682586
6.4650002	0.88882959
6.4699998	0.89083731
6.4749999	0.89284849
6.48	0.89486313
6.4850001	0.89684981
6.4899998	0.89872754
6.4949999	0.90060943
6.5	0.90249461
6.5050001	0.90438312
6.5100002	0.90627503
6.5149999	0.90817082
6.52	0.9100697
6.5250001	0.91197205
6.5300002	0.91387737
6.5349998	0.91578633
6.54	0.91760194
6.5450001	0.91930306
6.5500002	0.92100674
6.5549998	0.92271322
6.5599999	0.9244225
6.5650001	0.92613453
6.5700002	0.92784929
6.5749998	0.92956722
6.5799999	0.93128788
6.585	0.93301141
6.5900002	0.93473798
6.5949998	0.93543875
6.5999999	0.93566954
6.605	0.9358983
6.6100001	0.93612564
6.6149998	0.93635154
6.6199999	0.93657619
6.625	0.93679923
6.6300001	0.93702096
6.6350002	0.93724102
6.6399999	0.93745953
6.645	0.93767661
6.6500001	0.93521154
6.6550002	0.93250835
6.6599998	0.92979532
6.665	0.92707241
6.6700001	0.92434013
6.6750002	0.92159814
6.6799998	0.91884613
6.6849999	0.91608453
6.6900001	0.91331315
6.6950002	0.91053206
6.6999998	0.90760916
6.7049999	0.90397775
6.71	0.90033275
6.7150002	0.89667523
6.7199998	0.89300507
6.7249999	0.88932276
6.73	0.88562864
6.7350001	0.88192225
6.7399998	0.87820327
6.7449999	0.87447214
6.75	0.87072867
6.7550001	0.86819768
6.7600002	0.86752343
6.7649999	0.86684823
6.77	0.86616933
6.7750001	0.86548638
6.7800002	0.86479998
6.7849998	0.86410975
6.79	0.86341542
6.7950001	0.86271727
6.8000002	0.86201525
6.8049998	0.86130947
6.8099999	0.86069459
6.8150001	0.86013037
6.8200002	0.85956275
6.8249998	0.85899192
6.8299999	0.85841775
6.835	0.85783994
6.8400002	0.85725844
6.8449998	0.85667408
6.8499999	0.85608566
6.855	0.85549378
6.8600001	0.85489815
6.8649998	0.85328674
6.8699999	0.85152256
6.875	0.84975117
6.8800001	0.84797299
6.8850002	0.84618819
6.8899999	0.84439677
6.895	0.84259868
6.9000001	0.84079373
6.9050002	0.83898187
6.9099998	0.83716303
6.915	0.8352645
6.9200001	0.83279651
6.9250002	0.83031863
6.9299998	0.82783228
6.9349999	0.82533681
6.9400001	0.822833
6.9450002	0.82032037
6.9499998	0.81779915
6.9549999	0.81526947
6.96	0.81273097
6.9650002	0.81018382
6.9699998	0.80795819
6.9749999	0.80631948
6.98	0.80467588
6.9850001	0.80302608
6.9899998	0.80136991
6.9949999	0.79970747
7	0.79803836
7.0050001	0.79636323
7.0100002	0.79468143
7.0149999	0.79299361
7.02	0.79129934
7.0250001	0.78964633
7.0300002	0.78801876
7.0349998	0.78638506
7.04	0.78474534
7.0450001	0.78309965
7.0500002	0.78144783
7.0549998	0.77978981
7.0599999	0.77812546
7.0650001	0.77645493
7.0700002	0.77477825
7.0749998	0.77309477
7.0799999	0.77150446
7.085	0.76992697
7.0900002	0.76834339
7.0949998	0.76675385
7.0999999	0.76515859
7.105	0.76355714
7.1100001	0.76194978
7.1149998	0.76033688
7.1199999	0.75871772
7.125	0.75709236
7.1300001	0.75554419
7.1350002	0.75484204
7.1399999	0.75413769
7.145	0.75342965
7.1500001	0.75271827
7.1550002	0.75200319
7.1599998	0.7512849
7.165	0.75056273
7.1700001	0.74983704
7.1750002	0.74910808
7.1799998	0.74837548
7.1849999	0.74762952
7.1900001	0.74686062
7.1950002	0.74608815
7.1999998	0.7453118
7.2049999	0.74453199
7.21	0.74374837
7.2150002	0.74296081
7.2199998	0.74216974
7.2249999	0.74137485
7.23	0.74057609
7.2350001	0.73977399
7.2399998	0.73940039
7.2449999	0.7393356
7.25	0.73926991
7.2550001	0.73920238
7.2600002	0.73913294
7.2649999	0.73906195
7.27	0.73898923
7.2750001	0.73891485
7.2800002	0.73883855
7.2849998	0.73876029
7.29	0.73868024
7.2950001	0.73968554
7.3000002	0.74091661
7.3049998	0.74214995
7.3099999	0.74338508
7.3150001	0.74462199
7.3200002	0.74586052
7.3249998	0.74710065
7.3299999	0.74834257
7.335	0.74958605
7.3400002	0.75083148
7.3449998	0.75226796
7.3499999	0.75591058
7.355	0.75956643
7.3600001	0.76323044
7.3649998	0.76690233
7.3699999	0.77058238
7.375	0.77427059
7.3800001	0.7779668
7.3850002	0.78167093
7.3899999	0.78538305
7.395	0.78910363
7.4000001	0.79282993
7.4050002	0.79655927
7.4099998	0.80029702
7.415	0.80404252
7.4200001	0.8077963
7.4250002	0.81155872
7.4299998	0.81532949
7.4349999	0.81910819
7.4400001	0.82289535
7.4450002	0.82669055
7.4499998	0.83049399
7.4549999	0.83332896
7.46	0.83546424
7.4650002	0.83760196
7.4699998	0.83974344
7.4749999	0.84188843
7.48	0.84403747
7.4850001	0.84619009
7.4899998	0.84834671
7.4949999	0.85050702
7.5	0.85267144
7.5050001	0.85483986
7.5100002	0.8563959
7.5149999	0.85783058
7.52	0.85926652
7.5250001	0.8607043
7.5300002	0.86214411
7.5349998	0.86358583
7.54	0.86502939
7.5450001	0.86647475
7.5500002	0.86792207
7.5549998	0.86937118
7.5599999	0.87091416
7.5650001	0.87341529
7.5700002	0.87592357
7.5749998	0.87843651
7.5799999	0.88095421
7.585	0.88347608
7.5900002	0.88600296
7.5949998	0.88853443
7.5999999	0.89107049
7.605	0.89361119
7.6100001	0.89615649
7.6149998	0.8992939
7.6199999	0.90356618
7.625	0.90785021
7.6300001	0.91214323
7.6350002	0.91644502
7.6399999	0.9207564
7.645	0.92507726
7.6500001	0.92940748
7.6550002	0.93374681
7.6599998	0.93809527
7.665	0.94245291
7.6700001	0.94692326
7.6750002	0.95147288
7.6799998	0.9560324
7.6849999	0.96060109
7.6900001	0.96517938
7.6950002	0.96976775
7.6999998	0.97436583
7.7049999	0.97897345
7.71	0.98359084
7.7150002	0.98821813
7.7199998	0.99285561
7.7249999	0.99540883
7.73	0.99761015
7.7350001	0.99981344
7.7399998	1.0020201
7.7449999	1.0042307
7.75	1.0064446
7.7550001	1.0086616
7.7600002	1.0108825
7.7649999	1.0131068
7.77	1.0153346
7.7750001	1.0176615
7.7800002	1.0207267
7.7849998	1.0237998
7.79	1.0268791
7.7950001	1.0299637
7.8000002	1.0330541
7.8049998	1.0361502
7.8099999	1.0392516
7.8150001	1.0423586
7.8200002	1.0454715
7.8249998	1.0485901
7.8299999	1.0517187
7.835	1.0548602
7.8400002	1.0580076
7.8449998	1.0611604
7.8499999	1.064319
7.855	1.0674833
7.8600001	1.070654
7.8649998	1.0738302
7.8699999	1.0770125
7.875	1.0802002
7.8800001	1.0833933
7.8850002	1.0865221
7.8899999	1.0896158
7.895	1.0927147
7.9000001	1.0958188
7.9050002	1.0989289
7.9099998	1.1020441
7.915	1.1051645
7.9200001	1.108291
7.9250002	1.1114227
7.9299998	1.1145604
7.9349999	1.1177036
7.9400001	1.1189134
7.9450002	1.1198976
7.9499998	1.1208808
7.9549999	1.1218643
7.96	1.1228477
7.9650002	1.1238312
7.9699998	1.1248149
7.9749999	1.1257985
7.98	1.1267823
7.9850001	1.127766
7.9899998	1.128989
7.9949999	1.1314635
8	1.1339452
8.0050001	1.1364313
8.0100002	1.1389209
8.0150003	1.1414146
8.0200005	1.1439118
8.0249996	1.1464127
8.0299997	1.1489178
8.0349998	1.1514264
8.04	1.1539388
8.0450001	1.155915
8.0500002	1.1571623
8.0550003	1.1584082
8.0600004	1.1596549
8.0649996	1.1609017
8.0699997	1.1621493
8.0749998	1.1633977
8.0799999	1.1646467
8.085	1.1658964
8.0900002	1.167147
8.0950003	1.1683984
8.1000004	1.1689693
8.1049995	1.1692328
8.1099997	1.1694937
8.1149998	1.1697526
8.1199999	1.1700096
8.125	1.1702653
8.1300001	1.1705191
8.1350002	1.1707705
8.1400003	1.1710202
8.1450005	1.1712683
8.1499996	1.1715147
8.1549997	1.1728668
8.1599998	1.1742718
8.165	1.1756785
8.1700001	1.1770859
8.1750002	1.1784941
8.1800003	1.1799035
8.1850004	1.181314
8.1899996	1.1827253
8.1949997	1.1841377
8.1999998	1.1855509
8.2049999	1.1866087
8.21	1.1864454
8.2150002	1.1862752
8.2200003	1.1861024
8.2250004	1.1859264
8.2299995	1.1857475
8.2349997	1.1855654
8.2399998	1.1853805
8.2449999	1.1851931
8.25	1.1850022
8.2550001	1.1848083
8.2600002	1.1836548
8.2650003	1.1815188
8.2700005	1.1793718
8.2749996	1.1772175
8.2799997	1.1750549
8.2849998	1.1728846
8.29	1.1707067
8.2950001	1.1685214
8.3000002	1.1663272
8.3050003	1.1641257
8.3100004	1.1619165
8.3149996	1.1603923
8.3199997	1.1590749
8.3249998	1.1577531
8.3299999	1.1564257
8.335	1.1550925
8.3400002	1.1537539
8.3450003	1.1524097
8.3500004	1.1510592
8.3549995	1.1497037
8.3599997	1.1483426
8.3649998	1.1470499
8.3699999	1.1476454
8.375	1.1482452
8.3800001	1.1488441
8.3850002	1.1494421
8.3900003	1.1500392
8.3950005	1.1506355
8.3999996	1.1512306
8.4049997	1.1518245
8.4099998	1.1524177
8.415	1.1530101
8.4200001	1.1528071
8.4250002	1.1508409
8.4300003	1.1488616
8.4350004	1.1468755
8.4399996	1.1448818
8.4449997	1.1428814
8.4499998	1.1408732
8.4549999	1.1388576
8.46	1.1368351
8.4650002	1.1348053
8.4700003	1.1327684
8.4750004	1.1325461
8.4799995	1.1336138
8.4849997	1.1346862
8.4899998	1.1357589
8.4949999	1.136832
8.5	1.1379049
8.5050001	1.1389786
8.5100002	1.140052
8.5150003	1.1411256
8.5200005	1.1421998
8.5249996	1.1432737
8.5299997	1.1443049
8.5349998	1.1453284
8.54	1.1463523
8.5450001	1.1473767
8.5500002	1.1484008
8.5550003	1.1494251
8.5600004	1.1504499
8.5649996	1.1514745
8.5699997	1.1524988
8.5749998	1.1535232
8.5799999	1.1544119
8.585	1.1544578
8.5900002	1.154498
8.5950003	1.1545362
8.6000004	1.1545718
8.6049995	1.1546054
8.6099997	1.1546365
8.6149998	1.1546654
8.6199999	1.1546919
8.625	1.1547164
8.6300001	1.1547382
8.6350002	1.1549386
8.6400003	1.1553905
8.6450005	1.1558417
8.6499996	1.156292
8.6549997	1.1567405
8.6599998	1.1571881
8.665	1.157634
8.6700001	1.1580791
8.6750002	1.1585222
8.6800003	1.1589644
8.6850004	1.1594051
8.6899996	1.1588579
8.6949997	1.1578755
8.6999998	1.1568865
8.7049999	1.1558926
8.71	1.154894
8.7150002	1.1538904
8.7200003	1.1528827
8.7250004	1.1518705
8.7299995	1.150853
8.7349997	1.1498312
8.7399998	1.1488041
8.7449999	1.1495802
8.75	1.1504023
8.7550001	1.1512239
8.7600002	1.1520454
8.7650003	1.1528661
8.7700005	1.1536868
8.7749996	1.1545072
8.7799997	1.1553271
8.7849998	1.1561466
8.79	1.1557863
8.7950001	1.1539742
8.8000002	1.1547856
8.8050003	1.1555959
8.8100004	1.1564056
8.8149996	1.1572154
8.8199997	1.1580241
8.8249998	1.1588327
8.8299999	1.1596408
8.835	1.1604486
8.8400002	1.1612556
8.8450003	1.1620622
8.8500004	1.1623588
8.8549995	1.1622256
8.8599997	1.1620888
8.8649998	1.1619492
8.8699999	1.1618067
8.875	1.1616615
8.8800001	1.1615143
8.8850002	1.161364
8.8900003	1.1612108
8.8950005	1.1610548
8.8999996	1.1608963
8.9049997	1.1607783
8.9099998	1.1606668
8.915	1.1605529
8.9200001	1.1604366
8.9250002	1.1603174
8.9300003	1.1601957
8.9350004	1.1600715
8.9399996	1.1599444
8.9449997	1.1598151
8.9499998	1.1596831
8.9549999	1.1594843
8.96	1.1587905
8.9650002	1.1580915
8.9700003	1.1573881
8.9750004	1.1566815
8.9799995	1.1559703
8.9849997	1.1552553
8.9899998	1.1545367
8.9949999	1.153814
9	1.1530871
9.0050001	1.1523566
9.0100002	1.1513243
9.0150003	1.1498454
9.0200005	1.1483591
9.0249996	1.1468682
9.0299997	1.1453714
9.0349998	1.1438686
9.04	1.1423601
9.0450001	1.1408455
9.0500002	1.1393259
9.0550003	1.1377997
9.0600004	1.136268
9.0649996	1.1353514
9.0699997	1.1347082
9.0749998	1.1340623
9.0799999	1.1334124
9.085	1.1327583
9.0900002	1.1321002
9.0950003	1.1314385
9.1000004	1.1307727
9.1049995	1.1301035
9.1099997	1.1294297
9.1149998	1.1287524
9.1199999	1.1264638
9.125	1.1241355
9.1300001	1.1217986
9.1350002	1.1194543
9.1400003	1.1171021
9.1450005	1.1147424
9.1499996	1.112375
9.1549997	1.1100001
9.1599998	1.1076175
9.165	1.1062522
9.1700001	1.1060964
9.1750002	1.1040242
9.1800003	1.1019444
9.1850004	1.0998585
9.1899996	1.0977652
9.1949997	1.0956649
9.1999998	1.0935575
9.2049999	1.0914431
9.21	1.089322
9.2150002	1.0871943
9.2200003	1.0850596
9.2250004	1.0828547
9.2299995	1.0805945
9.2349997	1.0783271
9.2399998	1.0760528
9.2449999	1.073771
9.25	1.0714823
9.2550001	1.069186
9.2600002	1.0668828
9.2650003	1.064572
9.2700005	1.0622544
9.2749996	1.0599285
9.2799997	1.0573479
9.2849998	1.0547202
9.29	1.0520843
9.2950001	1.0494409
9.3000002	1.0467891
9.3050003	1.044129
9.3100004	1.0414616
9.3149996	1.0387863
9.3199997	1.0361028
9.3249998	1.033411
9.3299999	1.0308437
9.335	1.0289681
9.3400002	1.0270864
9.3450003	1.0251987
9.3500004	1.0233051
9.3549995	1.0214052
9.3599997	1.0194986
9.3649998	1.0175862
9.3699999	1.0156676
9.375	1.0137427
9.3800001	1.0118116
9.3850002	1.0096818
9.3900003	1.0073161
9.3950005	1.0049429
9.3999996	1.0025624
9.4049997	1.0001745
9.4099998	0.99777967
9.415	0.99537748
9.4200001	0.99296767
9.4250002	0.99055052
9.4300003	0.98812628
9.4350004	0.98569489
9.4399996	0.98409957
9.4449997	0.9827733
9.4499998	0.98144251
9.4549999	0.98010707
9.46	0.97876704
9.4650002	0.97742182
9.4700003	0.97607201
9.4750004	0.9747175
9.4799995	0.97335798
9.4849997	0.97199363
9.4899998	0.97063667
9.4949999	0.969482
9.5	0.96832311
9.5050001	0.96716011
9.5100002	0.96599257
9.5150003	0.9648208
9.5200005	0.96364403
9.5249996	0.96246314
9.5299997	0.96127814
9.5349998	0.96008861
9.54	0.95889431
9.5450001	0.957744
9.5500002	0.95667672
9.5550003	0.95560527
9.5600004	0.9545294
9.5649996	0.95344996
9.5699997	0.95236635
9.5749998	0.95127803
9.5799999	0.95018554
9.585	0.94908869
9.5900002	0.94798791
9.5950003	0.94688267
9.6000004	0.94592065
9.6049995	0.94503063
9.6099997	0.94413698
9.6149998	0.94323975
9.6199999	0.94233865
9.625	0.94143379
9.6300001	0.94052523
9.6350002	0.93961281
9.6400003	0.93869686
9.6450005	0.93777698
9.6499996	0.93685317
9.6549997	0.93624461
9.6599998	0.93564475
9.665	0.93504149
9.6700001	0.93443537
9.6750002	0.93382615
9.6800003	0.93321395
9.6850004	0.93259871
9.6899996	0.93198037
9.6949997	0.93135875
9.6999998	0.93073416
9.7049999	0.92997706
9.71	0.92887032
9.7150002	0.92775869
9.7200003	0.92664295
9.7250004	0.92552292
9.7299995	0.92439878
9.7349997	0.92327034
9.7399998	0.92213792
9.7449999	0.92100084
9.75	0.91985983
9.7550001	0.91871446
9.7600002	0.91820937
9.7650003	0.91816872
9.7700005	0.91812742
9.7749996	0.91808468
9.7799997	0.91804004
9.7849998	0.91799366
9.79	0.91794491
9.7950001	0.9178943
9.8000002	0.91784233
9.8050003	0.91778874
9.8100004	0.91773278
9.8149996	0.91762948
9.8199997	0.91751873
9.8249998	0.91740596
9.8299999	0.9172917
9.835	0.91717511
9.8400002	0.91705626
9.8450003	0.91693562
9.8500004	0.91681302
9.8549995	0.91668856
9.8599997	0.91656214
9.8649998	0.91635293
9.8699999	0.91581869
9.875	0.91528076
9.8800001	0.91473991
9.8850002	0.91419548
9.8900003	0.91364861
9.8950005	0.91309887
9.8999996	0.9125464
9.9049997	0.911991
9.9099998	0.91143262
9.915	0.91087127
9.9200001	0.91073519
9.9250002	0.91100562
9.9300003	0.91127598
9.9350004	0.91154528
9.9399996	0.91181338
9.9449997	0.91208035
9.9499998	0.91234618
9.9549999	0.91261089
9.96	0.9128744
9.9650002	0.91313708
9.9700003	0.91339827
9.9750004	0.91353852
9.9799995	0.91365159
9.9849997	0.91376334
9.9899998	0.91387361
9.9949999	0.91398245
10	0.91409004
10.005	0.91419625
10.01	0.91430068
10.015	0.91440368
10.02	0.91450524
10.025	0.91471744
10.03	0.91560841
10.035	0.91650152
10.04	0.917395
10.045	0.91828841
10.05	0.91918206
10.055	0.92007577
10.06	0.92097002
10.065	0.92186427
10.07	0.9227587
10.075	0.92365348
10.08	0.92474014
10.085	0.92605454
10.09	0.92737061
10.095	0.92868775
10.1	0.93000603
10.105	0.93132585
10.11	0.93264598
10.115	0.93396753
10.12	0.9352901
10.125	0.9366138
10.13	0.93793851
10.135	0.93801439
10.14	0.93772578
10.145	0.9374336
10.15	0.93713915
10.155	0.93684244
10.16	0.93654335
10.165	0.93624181
10.17	0.93593836
10.175	0.93563312
10.18	0.93532485
10.185	0.93506515
10.19	0.93528444
10.195	0.93550432
10.2	0.93572277
10.205	0.93594015
10.21	0.93615568
10.215	0.93637067
10.22	0.93658417
10.225	0.93679655
10.23	0.93700767
10.235	0.93721765
10.24	0.93719167
10.245	0.936836
10.25	0.93647724
10.255	0.93611604
10.26	0.93575197
10.265	0.935386
10.27	0.93501765
10.275	0.93464607
10.28	0.93427312
10.285	0.93389726
10.29	0.93351889
10.295	0.93312067
10.3	0.93271422
10.305	0.9323051
10.31	0.93189335
10.315	0.93147928
10.32	0.93106276
10.325	0.93064368
10.33	0.93022221
10.335	0.92979819
10.34	0.92937154
10.345	0.92897564
10.35	0.92905742
10.355	0.9291392
10.36	0.92921942
10.365	0.92929804
10.37	0.92937523
10.375	0.92945111
10.38	0.92952561
10.385	0.92959833
10.39	0.92966962
10.395	0.92973959
10.4	0.92989129
10.405	0.93017137
10.41	0.93045121
10.415	0.93073016
10.42	0.93100786
10.425	0.93128437
10.43	0.9315598
10.435	0.9318344
10.44	0.93210775
10.445	0.93238014
10.45	0.9326514
10.455	0.93211013
10.46	0.93124688
10.465	0.93037903
10.47	0.92950785
10.475	0.92863333
10.48	0.92775559
10.485	0.92687476
10.49	0.92599028
10.495	0.92510271
10.5	0.92421156
10.505	0.92335242
10.51	0.92319405
10.515	0.92303562
10.52	0.92287558
10.525	0.9227137
10.53	0.92254955
10.535	0.92238367
10.54	0.92221612
10.545	0.92204636
10.55	0.92187458
10.555	0.92170113
10.56	0.92124677
10.565	0.9203319
10.57	0.91941226
10.575	0.9184891
10.58	0.91756254
10.585	0.91663265
10.59	0.91569936
10.595	0.91476268
10.6	0.913822
10.605	0.91287857
10.61	0.91193116
10.615	0.91173184
10.62	0.91183746
10.625	0.91194278
10.63	0.91204667
10.635	0.91214919
10.64	0.91225052
10.645	0.91235048
10.65	0.912449
10.655	0.91254634
10.66	0.91264212
10.665	0.91270393
10.67	0.91207409
10.675	0.91143906
10.68	0.91080165
10.685	0.91016096
10.69	0.90951765
10.695	0.90887165
10.7	0.90822262
10.705	0.90757102
10.71	0.90691686
10.715	0.90625978
10.72	0.90550542
10.725	0.90459478
10.73	0.90368056
10.735	0.90276283
10.74	0.901842
10.745	0.90091777
10.75	0.89998966
10.755	0.89905924
10.76	0.89812464
10.765	0.89718699
10.77	0.89624178
10.775	0.89634967
10.78	0.89686924
10.785	0.89738822
10.79	0.89790678
10.795	0.89842486
10.8	0.89894271
10.805	0.89945966
10.81	0.89997613
10.815	0.90049243
10.82	0.90100807
10.825	0.90142751
10.83	0.90028381
10.835	0.89913315
10.84	0.8979786
10.845	0.89682066
10.85	0.89565879
10.855	0.89449316
10.86	0.89332414
10.865	0.89215124
10.87	0.89097434
10.875	0.88979375
10.88	0.88900381
10.885	0.8888067
10.89	0.88860893
10.895	0.88840944
10.9	0.88820821
10.905	0.88800544
10.91	0.88780034
10.915	0.88759339
10.92	0.88738489
10.925	0.88717359
10.93	0.8869611
10.935	0.88703835
10.94	0.88721722
10.945	0.88739508
10.95	0.88757163
10.955	0.88774723
10.96	0.88792163
10.965	0.88809466
10.97	0.8882668
10.975	0.88843817
10.98	0.88860846
10.985	0.88872206
10.99	0.88823825
10.995	0.88775057
11	0.88726038
11.005	0.8867681
11.01	0.88627332
11.015	0.88577664
11.02	0.88527727
11.025	0.88477546
11.03	0.88427138
11.035	0.88376486
11.04	0.88370061
11.045	0.88422418
11.05	0.88474858
11.055	0.88527244
11.06	0.88579601
11.065	0.88631934
11.07	0.88684249
11.075	0.88736457
11.08	0.88788623
11.085	0.88840795
11.09	0.88892889
11.095	0.88853902
11.1	0.88788521
11.105	0.88722813
11.11	0.88656837
11.115	0.88590562
11.12	0.8852402
11.125	0.88457233
11.13	0.88390189
11.135	0.8832289
11.14	0.8825528
11.145	0.88178957
11.15	0.88043535
11.155	0.87907642
11.16	0.87771332
11.165	0.87634635
11.17	0.87497467
11.175	0.87359947
11.18	0.87222028
11.185	0.87083739
11.19	0.86945063
11.195	0.8680594
11.2	0.86787158
11.205	0.86900443
11.21	0.87014103
11.215	0.87127912
11.22	0.87241751
11.225	0.87355649
11.23	0.87469649
11.235	0.87583733
11.24	0.8769787
11.245	0.87812114
11.25	0.8792643
11.255	0.87928575
11.26	0.87907451
11.265	0.87886059
11.27	0.87864482
11.275	0.87842697
11.28	0.87820745
11.285	0.87798649
11.29	0.87776363
11.295	0.87753886
11.3	0.87731248
11.305	0.87734812
11.31	0.87855124
11.315	0.87975776
11.32	0.88096523
11.325	0.88217431
11.33	0.88338357
11.335	0.88459408
11.34	0.88580525
11.345	0.88701707
11.35	0.88823009
11.355	0.88944429
11.36	0.88970149
11.365	0.88913941
11.37	0.88857257
11.375	0.88800389
11.38	0.88743293
11.385	0.88685924
11.39	0.88628262
11.395	0.88570452
11.4	0.88512337
11.405	0.88454014
11.41	0.88395381
11.415	0.88350379
11.42	0.88306701
11.425	0.8826285
11.43	0.8821879
11.435	0.88174528
11.44	0.88130039
11.445	0.88085312
11.45	0.88040394
11.455	0.87995255
11.46	0.87949884
11.465	0.87960446
11.47	0.8813327
11.475	0.88306737
11.48	0.88480335
11.485	0.88654214
11.49	0.88828158
11.495	0.89002371
11.5	0.89176786
11.505	0.89351368
11.51	0.89526117
11.515	0.89701068
11.52	0.89743716
11.525	0.89704114
11.53	0.89664054
11.535	0.89623803
11.54	0.89583319
11.545	0.89542657
11.55	0.89501739
11.555	0.89460689
11.56	0.89419371
11.565	0.89377892
11.57	0.89336205
11.575	0.89470869
11.58	0.89609557
11.585	0.89748389
11.59	0.89887345
11.595	0.90026426
11.6	0.90165675
11.605	0.90305001
11.61	0.9044441
11.615	0.9058398
11.62	0.90723675
11.625	0.90850115
11.63	0.90951425
11.635	0.91052741
11.64	0.91154063
11.645	0.9125545
11.65	0.91356879
11.655	0.91458356
11.66	0.91559893
11.665	0.91661453
11.67	0.91763091
11.675	0.91864747
11.68	0.92000765
11.685	0.92150843
11.69	0.92301089
11.695	0.92451465
11.7	0.92601961
11.705	0.92752612
11.71	0.92903429
11.715	0.93054372
11.72	0.93205416
11.725	0.93356627
11.73	0.93513036
11.735	0.93728101
11.74	0.9394356
11.745	0.94159323
11.75	0.9437536
11.755	0.94591576
11.76	0.9480806
11.765	0.9502483
11.77	0.95241857
11.775	0.9545908
11.78	0.95676583
11.785	0.95865273
11.79	0.96018457
11.795	0.96171665
11.8	0.96325016
11.805	0.96478522
11.81	0.96632135
11.815	0.96785897
11.82	0.96939766
11.825	0.9709385
11.83	0.9724803
11.835	0.97402412
11.84	0.97506618
11.845	0.97599876
11.85	0.97693133
11.855	0.97786421
11.86	0.9787972
11.865	0.97973055
11.87	0.98066425
11.875	0.98159826
11.88	0.98253256
11.885	0.98346728
11.89	0.98470569
11.895	0.98719865
11.9	0.98969883
11.905	0.99220157
11.91	0.99470854
11.915	0.99721777
11.92	0.99973005
11.925	1.0022454
11.93	1.0047637
11.935	1.0072855
11.94	1.0098103
11.945	1.0116811
11.95	1.0130568
11.955	1.0144315
11.96	1.0158077
11.965	1.0171849
11.97	1.0185632
11.975	1.0199425
11.98	1.021323
11.985	1.0227035
11.99	1.0240864
11.995	1.02547
12	1.026978
12.005	1.0284946
12.01	1.0300124
12.015	1.0315315
12.02	1.0330522
12.025	1.0345742
12.03	1.0360968
12.035	1.037621
12.04	1.0391464
12.045	1.0406731
12.05	1.0432159
12.055	1.0478574
12.06	1.0525125
12.065	1.0571742
12.07	1.0618421
12.075	1.0665181
12.08	1.0711995
12.085	1.0758883
12.09	1.0805836
12.095	1.0852861
12.1	1.0899953
12.105	1.0915507
12.11	1.0917908
12.115	1.0920248
12.12	1.0922583
12.125	1.0924909
12.13	1.0927222
12.135	1.0929524
12.14	1.0931815
12.145	1.0934097
12.15	1.0936366
12.155	1.0941553
12.16	1.0976219
12.165	1.1011037
12.17	1.1045898
12.175	1.1080804
12.18	1.1115761
12.185	1.1150762
12.19	1.1185813
12.195	1.1220902
12.2	1.1256039
12.205	1.1291226
12.21	1.1314455
12.215	1.1324387
12.22	1.1334274
12.225	1.1344163
12.23	1.1354059
12.235	1.1363951
12.24	1.1373849
12.245	1.1383752
12.25	1.1393652
12.255	1.1403559
12.26	1.1413463
12.265	1.1433679
12.27	1.1455616
12.275	1.147758
12.28	1.1499568
12.285	1.1521575
12.29	1.1543611
12.295	1.1565669
12.3	1.1587744
12.305	1.1609845
12.31	1.1631972
12.315	1.1651562
12.32	1.1663445
12.325	1.1675315
12.33	1.1687189
12.335	1.1699064
12.34	1.1710953
12.345	1.1722839
12.35	1.1734731
12.355	1.1746638
12.36	1.1758541
12.365	1.1770451
12.37	1.1771536
12.375	1.1766461
12.38	1.176134
12.385	1.1756196
12.39	1.1751032
12.395	1.1745843
12.4	1.174063
12.405	1.1735393
12.41	1.1730133
12.415	1.172485
12.42	1.1719984
12.425	1.172886
12.43	1.1737785
12.435	1.1746711
12.44	1.1755633
12.445	1.1764567
12.45	1.1773496
12.455	1.178242
12.46	1.1791348
12.465	1.1800281
12.47	1.1809212
12.475	1.1820955
12.48	1.183652
12.485	1.1852115
12.49	1.1867722
12.495	1.188334
12.5	1.1898967
12.505	1.1914614
12.51	1.1930262
12.515	1.1945925
12.52	1.1961602
12.525	1.1977291
12.53	1.1970097
12.535	1.1957805
12.54	1.1945459
12.545	1.1933074
12.55	1.1920655
12.555	1.1908202
12.56	1.1895713
12.565	1.1883188
12.57	1.1870631
12.575	1.1858039
12.58	1.1849343
12.585	1.1854707
12.59	1.1860117
12.595	1.1865517
12.6	1.1870915
12.605	1.1876311
12.61	1.1881695
12.615	1.1887076
12.62	1.1892455
12.625	1.1897829
12.63	1.1903195
12.635	1.1889036
12.64	1.1862725
12.645	1.1836309
12.65	1.1809831
12.655	1.1783301
12.66	1.1756717
12.665	1.1730064
12.67	1.1703357
12.675	1.1676592
12.68	1.1649777
12.685	1.1623427
12.69	1.1623447
12.695	1.1623539
12.7	1.1623633
12.705	1.1623702
12.71	1.1623762
12.715	1.1623812
12.72	1.1623842
12.725	1.1623857
12.73	1.1623864
12.735	1.1623857
12.74	1.1621928
12.745	1.1617383
12.75	1.1612805
12.755	1.1608212
12.76	1.1603595
12.765	1.1598952
12.77	1.1594296
12.775	1.1589605
12.78	1.1584908
12.785	1.1580179
12.79	1.1575427
12.795	1.1559744
12.8	1.1541729
12.805	1.152366
12.81	1.1505545
12.815	1.148739
12.82	1.1469188
12.825	1.1450944
12.83	1.1432661
12.835	1.141433
12.84	1.1395959
12.845	1.1376673
12.85	1.1354545
12.855	1.1332358
12.86	1.1310114
12.865	1.128783
12.87	1.1265488
12.875	1.1243095
12.88	1.1220659
12.885	1.1198177
12.89	1.1175641
12.895	1.1153053
12.9	1.113367
12.905	1.1116037
12.91	1.1098371
12.915	1.1080661
12.92	1.1062908
12.925	1.1045117
12.93	1.1027287
12.935	1.1009417
12.94	1.0991499
12.945	1.097355
12.95	1.0956421
12.955	1.0953826
12.96	1.0951272
12.965	1.0948697
12.97	1.0946109
12.975	1.0943501
12.98	1.0940882
12.985	1.093824
12.99	1.0935584
12.995	1.0932913
13	1.0930222
13.005	1.0927761
13.01	1.0925558
13.015	1.0923342
13.02	1.0921112
13.025	1.0918866
13.03	1.0916598
13.035	1.0914322
13.04	1.0912031
13.045	1.0909715
13.05	1.0907391
13.055	1.0896524
13.06	1.0869378
13.065	1.0840048
13.07	1.0810632
13.075	1.0781163
13.08	1.0751635
13.085	1.0722039
13.09	1.0692379
13.095	1.0662661
13.1	1.0632882
13.105	1.0603042
13.11	1.0576463
13.115	1.0557514
13.12	1.0538555
13.125	1.0519545
13.13	1.0500482
13.135	1.0481387
13.14	1.0462228
13.145	1.0443034
13.15	1.042379
13.155	1.0404499
13.16	1.0385162
13.165	1.0380514
13.17	1.0381564
13.175	1.0382622
13.18	1.0383672
13.185	1.0384712
13.19	1.0385746
13.195	1.0386769
13.2	1.0387779
13.205	1.0388778
13.21	1.0389769
13.215	1.038685
13.22	1.0360492
13.225	1.0333989
13.23	1.0307422
13.235	1.02808
13.24	1.0254117
13.245	1.0227386
13.25	1.0200592
13.255	1.0173738
13.26	1.0146832
13.265	1.0119869
13.27	1.010237
13.275	1.0092156
13.28	1.0081939
13.285	1.0071691
13.29	1.0061414
13.295	1.0051109
13.3	1.0040768
13.305	1.0030397
13.31	1.0019996
13.315	1.0009569
13.32	0.99990976
13.325	0.99863678
13.33	0.99735838
13.335	0.99607617
13.34	0.99479043
13.345	0.99350005
13.35	0.99220598
13.355	0.99090815
13.36	0.98960584
13.365	0.98829955
13.37	0.9869895
13.375	0.98592383
13.38	0.98520029
13.385	0.98447394
13.39	0.98374426
13.395	0.98301136
13.4	0.98227507
13.405	0.98153609
13.41	0.98079413
13.415	0.98004818
13.42	0.97929966
13.425	0.98604929
13.43	0.98616004
13.435	0.98493135
13.44	0.98369884
13.445	0.9824636
13.45	0.98122555
13.455	0.97998434
13.46	0.97874027
13.465	0.97749299
13.47	0.97624242
13.475	0.97498971
13.48	0.97371185
13.485	0.97237301
13.49	0.97103161
13.495	0.96968687
13.5	0.96833926
13.505	0.96698767
13.51	0.96563399
13.515	0.96427721
13.52	0.96291667
13.525	0.96155322
13.53	0.96018666
13.535	0.95965397
13.54	0.95945972
13.545	0.95926487
13.55	0.95906848
13.555	0.95887136
13.56	0.9586727
13.565	0.95847213
13.57	0.95827109
13.575	0.95806897
13.58	0.95786428
13.585	0.95736456
13.59	0.9551639
13.595	0.95295388
13.6	0.95073986
13.605	0.9485206
13.61	0.94629848
13.615	0.94407046
13.62	0.94183874
13.625	0.93960291
13.63	0.9373619
13.635	0.93511683
13.64	0.93448514
13.645	0.93500006
13.65	0.93551809
13.655	0.93603563
13.66	0.9365536
13.665	0.93707156
13.67	0.93758905
13.675	0.9381066
13.68	0.93862367
13.685	0.93914026
13.69	0.93964332
13.695	0.93959987
13.7	0.93955475
13.705	0.93950826
13.71	0.93946004
13.715	0.9394114
13.72	0.93936175
13.725	0.93931097
13.73	0.93925935
13.735	0.93920642
13.74	0.93915248
13.745	0.93858546
13.75	0.93743026
13.755	0.93627065
13.76	0.9351086
13.765	0.93394405
13.77	0.93277651
13.775	0.93160558
13.78	0.93043298
13.785	0.92925733
13.79	0.92807889
13.795	0.92689776
13.8	0.92783457
13.805	0.92898548
13.81	0.93013775
13.815	0.93129104
13.82	0.93244505
13.825	0.93359989
13.83	0.9347558
13.835	0.93591285
13.84	0.93707013
13.845	0.93822843
13.85	0.93774956
13.855	0.93430895
13.86	0.93085349
13.865	0.92739218
13.87	0.92392504
13.875	0.92045081
13.88	0.91697025
13.885	0.91348457
13.89	0.90999216
13.895	0.90649378
13.9	0.90298861
13.905	0.90473765
13.91	0.90777975
13.915	0.9108305
13.92	0.9138847
13.925	0.91694146
13.93	0.9200027
13.935	0.92306817
13.94	0.92613661
13.945	0.92920899
13.95	0.93228513
13.955	0.93417287
13.96	0.93257499
13.965	0.93096232
13.97	0.92934519
13.975	0.92772627
13.98	0.92610306
13.985	0.92447704
13.99	0.92284727
13.995	0.92121387
14	0.91957736
14.005	0.91793811
14.01	0.91842127
14.015	0.91979092
14.02	0.92116451
14.025	0.922539
14.03	0.92391533
14.035	0.92529309
14.04	0.92667145
14.045	0.92805129
14.05	0.92943227
14.055	0.93081385
14.06	0.93194067
14.065	0.93173677
14.07	0.93152726
14.075	0.93131626
14.08	0.93110365
14.085	0.93089092
14.09	0.93067604
14.095	0.93046057
14.1	0.93024397
14.105	0.93002594
14.11	0.92980659
14.115	0.92869282
14.12	0.9270221
14.125	0.92534572
14.13	0.92366618
14.135	0.9219839
14.14	0.9202981
14.145	0.91860855
14.15	0.91691571
14.155	0.91521996
14.16	0.91352063
14.165	0.91208541
14.17	0.91386676
14.175	0.91566163
14.18	0.9174583
14.185	0.91925746
14.19	0.92105675
14.195	0.92285872
14.2	0.92466253
14.205	0.92646796
14.21	0.92827499
14.215	0.93008411
14.22	0.93104488
14.225	0.93127155
14.23	0.93149507
14.235	0.93171859
14.24	0.93194145
14.245	0.93216324
14.25	0.93238491
14.255	0.93260646
14.26	0.932827
14.265	0.93304777
14.27	0.9332661
14.275	0.93249679
14.28	0.93172121
14.285	0.9309448
14.29	0.93016613
14.295	0.92938513
14.3	0.92860281
14.305	0.92781794
14.31	0.92703104
14.315	0.92624217
14.32	0.92545158
14.325	0.9258678
14.33	0.92767423
14.335	0.929488
14.34	0.9313038
14.345	0.93312114
14.35	0.93494034
14.355	0.93676084
14.36	0.93858349
14.365	0.94040781
14.37	0.9422341
14.375	0.94406211
14.38	0.94412971
14.385	0.94406486
14.39	0.94399738
14.395	0.9439286
14.4	0.94385988
14.405	0.94378984
14.41	0.94371861
14.415	0.94364667
14.42	0.94357389
14.425	0.9435004
14.43	0.94409662
14.435	0.94568944
14.44	0.9472875
14.445	0.94888794
14.45	0.95048934
14.455	0.95209229
14.46	0.95369685
14.465	0.95530277
14.47	0.95690966
14.475	0.95851856
14.48	0.9601295
14.485	0.95952189
14.49	0.9585858
14.495	0.95764631
14.5	0.95670497
14.505	0.95576084
14.51	0.95481491
14.515	0.95386684
14.52	0.95291638
14.525	0.95196378
14.53	0.95100921
14.535	0.95052522
14.54	0.95092583
14.545	0.95133042
14.55	0.95173484
14.555	0.95213854
14.56	0.95254201
14.565	0.95294553
14.57	0.9533478
14.575	0.95375067
14.58	0.95415318
14.585	0.95455557
14.59	0.95535231
14.595	0.95623291
14.6	0.95711529
14.605	0.95799792
14.61	0.95888108
14.615	0.95976478
14.62	0.96064878
14.625	0.96153319
14.63	0.96241826
14.635	0.9633041
14.64	0.96366507
14.645	0.96281481
14.65	0.96195847
14.655	0.96110022
14.66	0.96024019
14.665	0.95937741
14.67	0.95851403
14.675	0.95764667
14.68	0.95677769
14.685	0.95590836
14.69	0.95503545
14.695	0.95629323
14.7	0.95814973
14.705	0.96000999
14.71	0.96187246
14.715	0.96373701
14.72	0.96560317
14.725	0.96747071
14.73	0.9693405
14.735	0.97121257
14.74	0.97308588
14.745	0.9742468
14.75	0.97343755
14.755	0.97261918
14.76	0.9717983
14.765	0.97097588
14.77	0.97015065
14.775	0.96932471
14.78	0.96849644
14.785	0.96766579
14.79	0.96683341
14.795	0.96599877
14.8	0.96562678
14.805	0.96540868
14.81	0.9651897
14.815	0.96496999
14.82	0.9647494
14.825	0.96452785
14.83	0.96430486
14.835	0.96408045
14.84	0.9638555
14.845	0.96362895
14.85	0.96359652
14.855	0.96418417
14.86	0.96477377
14.865	0.96536356
14.87	0.96595287
14.875	0.96654379
14.88	0.9671334
14.885	0.96772301
14.89	0.96831399
14.895	0.96890396
14.9	0.96949434
14.905	0.96898854
14.91	0.96806782
14.915	0.96714371
14.92	0.96621776
14.925	0.96528989
14.93	0.96435994
14.935	0.96342736
14.94	0.9624927
14.945	0.96155643
14.95	0.96061802
14.955	0.9602285
14.96	0.96179277
14.965	0.96336603
14.97	0.96494132
14.975	0.96651733
14.98	0.96809536
14.985	0.96967518
14.99	0.97125536
14.995	0.97283769
15	0.9744212
15.005	0.97601038
15.01	0.97607505
15.015	0.97552615
15.02	0.97497427
15.025	0.97442108
15.03	0.97386664
15.035	0.97331077
15.04	0.97275341
15.045	0.97219437
15.05	0.97163343
15.055	0.97107178
15.06	0.97027797
15.065	0.9686209
15.07	0.96695799
15.075	0.96529359
15.08	0.96362442
15.085	0.96195209
15.09	0.96027726
15.095	0.95859879
15.1	0.95691866
15.105	0.95523489
15.11	0.95354795
15.115	0.95338821
15.12	0.95385772
15.125	0.95432889
15.13	0.95480001
15.135	0.95527095
15.14	0.955742
15.145	0.95621318
15.15	0.95668358
15.155	0.95715439
15.16	0.95762587
15.165	0.95837879
15.17	0.96018928
15.175	0.96200526
15.18	0.96382314
15.185	0.96564341
15.19	0.96746475
15.195	0.96928859
15.2	0.97111392
15.205	0.97294044
15.21	0.97476846
15.215	0.97659838
15.22	0.9770053
15.225	0.97683662
15.23	0.97666502
15.235	0.9764924
15.24	0.9763189
15.245	0.97614467
15.25	0.97596931
15.255	0.97579312
15.26	0.97561628
15.265	0.97543806
15.27	0.97568977
15.275	0.97747546
15.28	0.97926867
15.285	0.98106354
15.29	0.98285925
15.295	0.98465711
15.3	0.98645669
15.305	0.98825824
15.31	0.99006009
15.315	0.99186546
15.32	0.99367231
15.325	0.99354917
15.33	0.99269778
15.335	0.99184209
15.34	0.99098396
15.345	0.99012411
15.35	0.9892627
15.355	0.98839873
15.36	0.98753285
15.365	0.9866665
15.37	0.98579794
15.375	0.98515922
15.38	0.98526233
15.385	0.98536766
15.39	0.98547232
15.395	0.98557657
15.4	0.985681
15.405	0.98578352
15.41	0.98588699
15.415	0.98598897
15.42	0.98609084
15.425	0.98619163
15.43	0.9859888
15.435	0.98568356
15.44	0.98537648
15.445	0.98506868
15.45	0.98475981
15.455	0.98445046
15.46	0.9841395
15.465	0.98382664
15.47	0.98351383
15.475	0.9831996
15.48	0.98279387
15.485	0.98213828
15.49	0.98148042
15.495	0.98082048
15.5	0.98015857
15.505	0.97949553
15.51	0.97883201
15.515	0.97816569
15.52	0.97749758
15.525	0.97682875
15.53	0.97615832
15.535	0.97852004
15.54	0.98173445
15.545	0.98495615
15.55	0.98818177
15.555	0.99140942
15.56	0.99464089
15.565	0.99787712
15.57	1.0011169
15.575	1.0043598
15.58	1.0076064
15.585	1.0096916
15.59	1.0090911
15.595	1.008481
15.6	1.0078691
15.605	1.0072556
15.61	1.0066409
15.615	1.0060233
15.62	1.0054065
15.625	1.0047873
15.63	1.0041656
15.635	1.0035431
15.64	1.0043205
15.645	1.0053997
15.65	1.0064812
15.655	1.0075638
15.66	1.008647
15.665	1.0097309
15.67	1.0108161
15.675	1.0119017
15.68	1.0129875
15.685	1.0140748
15.69	1.0150961
15.695	1.0159934
15.7	1.0168908
15.705	1.0177886
15.71	1.0186874
15.715	1.0195864
15.72	1.0204855
15.725	1.0213859
15.73	1.0222863
15.735	1.0231881
15.74	1.0240899
15.745	1.0251383
15.75	1.0262083
15.755	1.0272785
15.76	1.0283507
15.765	1.0294232
15.77	1.030496
15.775	1.0315698
15.78	1.032645
15.785	1.03372
15.79	1.0347961
15.795	1.0344975
15.8	1.0321763
15.805	1.0298439
15.81	1.0275074
15.815	1.0251673
15.82	1.0228242
15.825	1.0204761
15.83	1.018126
15.835	1.0157701
15.84	1.0134125
15.845	1.01105
15.85	1.0091308
15.855	1.0072395
15.86	1.0053459
15.865	1.003449
15.87	1.0015483
15.875	0.99964494
15.88	0.99773937
15.885	0.99582988
15.89	0.99391663
15.895	0.9920013
15.9	0.99187833
15.905	0.99377394
15.91	0.99567825
15.915	0.9975844
15.92	0.99949276
15.925	1.0014033
15.93	1.003316
15.935	1.0052301
15.94	1.0071466
15.945	1.0090647
15.95	1.0109671
15.955	1.0107654
15.96	1.0105544
15.965	1.0103421
15.97	1.01013
15.975	1.009917
15.98	1.0097027
15.985	1.009487
15.99	1.0092709
15.995	1.0090547
16	1.0088372
16.004999	1.0083742
16.01	1.0077063
16.014999	1.0070359
16.02	1.0063636
16.025	1.0056903
16.030001	1.0050157
16.035	1.0043393
16.040001	1.0036619
16.045	1.0029833
16.049999	1.0023024
16.055	1.0018373
16.059999	1.0036148
16.065001	1.0054035
16.07	1.0071912
16.075001	1.0089823
16.08	1.0107759
16.084999	1.0125706
16.09	1.0143675
16.094999	1.0161649
16.1	1.0179652
16.105	1.0197676
16.110001	1.0200105
16.115	1.0193392
16.120001	1.018663
16.125	1.0179853
16.129999	1.0173066
16.135	1.0166265
16.139999	1.0159447
16.145	1.0152614
16.15	1.0145776
16.155001	1.0138918
16.16	1.0140648
16.165001	1.0182101
16.17	1.0223752
16.174999	1.026546
16.18	1.030722
16.184999	1.0349007
16.190001	1.0390856
16.195	1.0432745
16.200001	1.0474695
16.205	1.0516673
16.209999	1.055872
16.215	1.0567647
16.219999	1.0564018
16.225	1.0560322
16.23	1.0556608
16.235001	1.0552887
16.24	1.0549157
16.245001	1.0545411
16.25	1.0541658
16.254999	1.0537899
16.26	1.0534128
16.264999	1.0526134
16.27	1.0507149
16.275	1.0488087
16.280001	1.0468997
16.285	1.0449877
16.290001	1.0430751
16.295	1.0411574
16.299999	1.0392373
16.305	1.0373137
16.309999	1.035387
16.315001	1.0334574
16.32	1.0340483
16.325001	1.0351576
16.33	1.0362709
16.334999	1.037384
16.34	1.0384979
16.344999	1.0396134
16.35	1.0407295
16.355	1.0418462
16.360001	1.0429642
16.365	1.0440836
16.370001	1.0451927
16.375	1.0462871
16.379999	1.0473825
16.385	1.0484782
16.389999	1.0495749
16.395	1.0506722
16.4	1.0517708
16.405001	1.0528702
16.41	1.0539695
16.415001	1.0550714
16.42	1.056173
16.424999	1.057528
16.43	1.0588992
16.434999	1.0602725
16.440001	1.0616459
16.445	1.0630203
16.450001	1.0643969
16.455	1.0657742
16.459999	1.0671532
16.465	1.0685329
16.469999	1.0699142
16.475	1.0716758
16.48	1.0738065
16.485001	1.075941
16.49	1.0780778
16.495001	1.0802169
16.5	1.082358
16.504999	1.0845013
16.51	1.0866457
16.514999	1.088793
16.52	1.090943
16.525	1.0928936
16.530001	1.0922331
16.535	1.0915592
16.540001	1.0908836
16.545	1.0902069
16.549999	1.0895292
16.555	1.0888488
16.559999	1.0881687
16.565001	1.0874867
16.57	1.0868027
16.575001	1.0861186
16.58	1.083613
16.584999	1.0800624
16.59	1.0765023
16.594999	1.072937
16.6	1.0693667
16.605	1.065792
16.610001	1.0622118
16.615	1.058627
16.620001	1.0550379
16.625	1.0514429
16.629999	1.0491685
16.635	1.0519861
16.639999	1.0548291
16.645	1.0576744
16.65	1.0605224
16.655001	1.0633755
16.66	1.0662301
16.665001	1.0690893
16.67	1.0719497
16.674999	1.0748136
16.68	1.0776818
16.684999	1.0775105
16.690001	1.0764574
16.695	1.0753983
16.700001	1.0743377
16.705	1.0732753
16.709999	1.072211
16.715	1.0711442
16.719999	1.070076
16.725	1.0690067
16.73	1.0679352
16.735001	1.0682054
16.74	1.0709578
16.745001	1.0737246
16.75	1.0764941
16.754999	1.0792661
16.76	1.0820417
16.764999	1.0848194
16.77	1.0876009
16.775	1.0903854
16.780001	1.0931726
16.785	1.0959625
16.790001	1.0951128
16.795	1.0939637
16.799999	1.09281
16.805	1.0916547
16.809999	1.0904977
16.815001	1.0893385
16.82	1.0881777
16.825001	1.087015
16.83	1.0858506
16.834999	1.084684
16.84	1.0830195
16.844999	1.0808687
16.85	1.0787125
16.855	1.076553
16.860001	1.074391
16.865	1.0722253
16.870001	1.0700567
16.875	1.067884
16.879999	1.0657094
16.885	1.0635308
16.889999	1.0617137
16.895	1.0636476
16.9	1.065603
16.905001	1.0675576
16.91	1.0695145
16.915001	1.071476
16.92	1.0734373
16.924999	1.0754009
16.93	1.0773672
16.934999	1.0793345
16.940001	1.0813042
16.945	1.0810919
16.950001	1.0798044
16.955	1.07851
16.959999	1.0772135
16.965	1.0759143
16.969999	1.0746137
16.975	1.0733113
16.98	1.0720062
16.985001	1.0707004
16.99	1.0693917
16.995001	1.0685436
17	1.0690234
17.004999	1.0695099
17.01	1.0699977
17.014999	1.0704832
17.02	1.0709701
17.025	1.0714569
17.030001	1.0719435
17.035	1.0724316
17.040001	1.0729183
17.045	1.0734059
17.049999	1.072655
17.055	1.0716764
17.059999	1.0706958
17.065001	1.0697118
17.07	1.0687263
17.075001	1.06774
17.08	1.0667523
17.084999	1.0657626
17.09	1.0647709
17.094999	1.0637776
17.1	1.0623683
17.105	1.0604291
17.110001	1.0584846
17.115	1.0565366
17.120001	1.054587
17.125	1.0526344
17.129999	1.0506785
17.135	1.0487199
17.139999	1.0467579
17.145	1.0447942
17.15	1.0428884
17.155001	1.0427054
17.16	1.0425282
17.165001	1.0423527
17.17	1.0421754
17.174999	1.0419967
17.18	1.0418187
17.184999	1.0416393
17.190001	1.0414588
17.195	1.0412782
17.200001	1.0410974
17.205	1.0423818
17.209999	1.0445297
17.215	1.0466839
17.219999	1.0488408
17.225	1.0509994
17.23	1.0531598
17.235001	1.0553234
17.24	1.0574895
17.245001	1.0596573
17.25	1.0580268
17.254999	1.0486478
17.26	1.0475132
17.264999	1.0463707
17.27	1.0452257
17.275	1.0440794
17.280001	1.0429306
17.285	1.0417806
17.290001	1.0406293
17.295	1.0394752
17.299999	1.0383196
17.305	1.0371628
17.309999	1.0362656
17.315001	1.0354191
17.32	1.0345719
17.325001	1.0337229
17.33	1.0328733
17.334999	1.0320204
17.34	1.0311658
17.344999	1.0303109
17.35	1.0294535
17.355	1.0285949
17.360001	1.0277328
17.365	1.0268651
17.370001	1.0259968
17.375	1.0251269
17.379999	1.0242553
17.385	1.0233814
17.389999	1.0225074
17.395	1.0216322
17.4	1.0207543
17.405001	1.0198747
17.41	1.0190438
17.415001	1.0192394
17.42	1.019438
17.424999	1.0196358
17.43	1.0198325
17.434999	1.0200307
17.440001	1.0202276
17.445	1.020425
17.450001	1.0206219
17.455	1.020818
17.459999	1.0210149
17.465	1.0197276
17.469999	1.0176557
17.475	1.0155777
17.48	1.0134966
17.485001	1.011412
17.49	1.0093248
17.495001	1.0072348
17.5	1.0051413
17.504999	1.0030457
17.51	1.0009468
17.514999	0.99957705
17.52	1.0002029
17.525	1.0008383
17.530001	1.001474
17.535	1.0021092
17.540001	1.0027449
17.545	1.0033815
17.549999	1.0040187
17.555	1.0046554
17.559999	1.005293
17.565001	1.0059304
17.57	1.0036342
17.575001	1.0009339
17.58	0.99822694
17.584999	0.99551505
17.59	0.9927966
17.594999	0.99007249
17.6	0.98734248
17.605	0.9846077
17.610001	0.98186672
17.615	0.98655653
17.620001	0.99157679
17.625	0.99067181
17.629999	0.98976666
17.635	0.98886043
17.639999	0.98795265
17.645	0.98704362
17.65	0.9861331
17.655001	0.98522097
17.66	0.98430705
17.665001	0.98339152
17.67	0.98253739
17.674999	0.98212731
17.68	0.98171788
17.684999	0.98130852
17.690001	0.98089778
17.695	0.98048764
17.700001	0.98007447
17.705	0.97966123
17.709999	0.97924715
17.715	0.97883308
17.719999	0.97841698
17.725	0.97822177
17.73	0.97810215
17.735001	0.97798264
17.74	0.97786278
17.745001	0.97774249
17.75	0.97762227
17.754999	0.97750109
17.76	0.97737896
17.764999	0.9772566
17.77	0.97713363
17.775	0.97627038
17.780001	0.9741593
17.785	0.97203761
17.790001	0.96991313
17.795	0.96778625
17.799999	0.96565658
17.805	0.96352416
17.809999	0.96138734
17.815001	0.95924932
17.82	0.95710814
17.825001	0.95496631
17.83	0.95377213
17.834999	0.9525817
17.84	0.95139015
17.844999	0.9501968
17.85	0.9490006
17.855	0.94780344
17.860001	0.94660497
17.865	0.94540405
17.870001	0.94420171
17.875	0.94299805
17.879999	0.94227952
17.885	0.94184446
17.889999	0.94140995
17.895	0.9409743
17.9	0.94053859
17.905001	0.94010139
17.91	0.93966287
17.915001	0.93922424
17.92	0.93878472
17.924999	0.93834472
17.93	0.93795186
17.934999	0.93769062
17.940001	0.93742973
17.945	0.93716711
17.950001	0.93690377
17.955	0.93664086
17.959999	0.93637758
17.965	0.936113
17.969999	0.93584704
17.975	0.93558198
17.98	0.93531621
17.985001	0.93609488
17.99	0.93699181
17.995001	0.93788964
18	0.93878782
18.004999	0.93968695
18.01	0.94058597
18.014999	0.94148666
18.02	0.9423883
18.025	0.94329041
18.030001	0.94419283
18.035	0.94374484
18.040001	0.94216132
18.045	0.94056731
18.049999	0.93897164
18.055	0.93737364
18.059999	0.93577307
18.065001	0.93417013
18.07	0.93256539
18.075001	0.93095857
18.08	0.92934895
18.084999	0.92808628
18.09	0.92832941
18.094999	0.92858481
18.1	0.92883855
18.105	0.92909384
18.110001	0.92934948
18.115	0.92960244
18.120001	0.92985833
18.125	0.93011171
18.129999	0.93036592
18.135	0.93062109
18.139999	0.93028659
18.145	0.92983061
18.15	0.92937231
18.155001	0.92891341
18.16	0.92845368
18.165001	0.92799318
18.17	0.9275316
18.174999	0.92706865
18.18	0.92660534
18.184999	0.92614168
18.190001	0.92667907
18.195	0.92830187
18.200001	0.92993504
18.205	0.93157029
18.209999	0.93320626
18.215	0.9348442
18.219999	0.9364841
18.225	0.93812579
18.23	0.93976867
18.235001	0.94141269
18.24	0.94282317
18.245001	0.94268811
18.25	0.94253927
18.254999	0.94239026
18.26	0.94224119
18.264999	0.94209206
18.27	0.94194108
18.275	0.9417904
18.280001	0.94163972
18.285	0.94148839
18.290001	0.94133598
18.295	0.94042647
18.299999	0.93930441
18.305	0.93817872
18.309999	0.93705028
18.315001	0.93592018
18.32	0.93478996
18.325001	0.93365759
18.33	0.93252343
18.334999	0.9313885
18.34	0.93025059
18.344999	0.92893648
18.35	0.92740101
18.355	0.92586064
18.360001	0.92431819
18.365	0.92277378
18.370001	0.92122668
18.375	0.91967762
18.379999	0.91812712
18.385	0.91657394
18.389999	0.91501904
18.395	0.91375548
18.4	0.91506737
18.405001	0.91640323
18.41	0.91773945
18.415001	0.91907734
18.42	0.92041677
18.424999	0.92175788
18.43	0.92309988
18.434999	0.92444301
18.440001	0.92578644
18.445	0.92713284
18.450001	0.92861354
18.455	0.93013728
18.459999	0.93166256
18.465	0.93318945
18.469999	0.93471807
18.475	0.93624854
18.48	0.93777996
18.485001	0.9393124
18.49	0.94084662
18.495001	0.94238257
18.5	0.94311541
18.504999	0.94277173
18.51	0.94241691
18.514999	0.94206208
18.52	0.94170696
18.525	0.94135112
18.530001	0.94099373
18.535	0.9406352
18.540001	0.9402771
18.545	0.93991733
18.549999	0.9396835
18.555	0.94062167
18.559999	0.94157165
18.565001	0.94252211
18.57	0.9434731
18.575001	0.94442457
18.58	0.94537842
18.584999	0.94633204
18.59	0.94728619
18.594999	0.94824106
18.6	0.94919765
18.605	0.94886649
18.610001	0.94813299
18.615	0.9473936
18.620001	0.94665331
18.625	0.94591171
18.629999	0.94516891
18.635	0.94442487
18.639999	0.94367993
18.645	0.9429341
18.65	0.94218713
18.655001	0.94145882
18.66	0.94075531
18.665001	0.94005162
18.67	0.93934667
18.674999	0.9386403
18.68	0.93793148
18.684999	0.93722278
18.690001	0.93651384
18.695	0.93580222
18.700001	0.93509132
18.705	0.9346692
18.709999	0.93645281
18.715	0.93826121
18.719999	0.94006991
18.725	0.94188201
18.73	0.94369483
18.735001	0.94551104
18.74	0.94732636
18.745001	0.94914466
18.75	0.95096624
18.754999	0.95278686
18.76	0.95252246
18.764999	0.95170087
18.77	0.95087272
18.775	0.95004272
18.780001	0.94921076
18.785	0.94837755
18.790001	0.94754463
18.795	0.94671035
18.799999	0.94587308
18.805	0.94503474
18.809999	0.94458121
18.815001	0.94455099
18.82	0.94452405
18.825001	0.94449639
18.83	0.94446844
18.834999	0.9444415
18.84	0.94441289
18.844999	0.9443835
18.85	0.94435465
18.855	0.94432563
18.860001	0.94437689
18.865	0.94484574
18.870001	0.94531906
18.875	0.94579315
18.879999	0.94626808
18.885	0.94674188
18.889999	0.94721693
18.895	0.94769168
18.9	0.94816655
18.905001	0.94864261
18.91	0.94911855
18.915001	0.94981569
18.92	0.95055604
18.924999	0.95129663
18.93	0.95203787
18.934999	0.95278037
18.940001	0.95352268
18.945	0.95426607
18.950001	0.95500994
18.955	0.9557547
18.959999	0.9564994
18.965	0.95612025
18.969999	0.95477569
18.975	0.95341831
18.98	0.95205879
18.985001	0.9506973
18.99	0.9493342
18.995001	0.94796932
19	0.94660193
19.004999	0.94523388
19.01	0.94386286
19.014999	0.94354701
19.02	0.94669998
19.025	0.94989467
19.030001	0.9530946
19.035	0.95629513
19.040001	0.95950234
19.045	0.96270949
19.049999	0.96592206
19.055	0.96913689
19.059999	0.97235656
19.065001	0.97557867
19.07	0.9747746
19.075001	0.97362351
19.08	0.97246653
19.084999	0.97130793
19.09	0.97014743
19.094999	0.96898532
19.1	0.9678216
19.105	0.96665657
19.110001	0.96548879
19.115	0.96432048
19.120001	0.96439719
19.125	0.96522075
19.129999	0.96605456
19.135	0.96688849
19.139999	0.96772313
19.145	0.96855837
19.15	0.96939415
19.155001	0.97023118
19.16	0.97106886
19.165001	0.97191179
19.17	0.97228521
19.174999	0.97169417
19.18	0.97110134
19.184999	0.97050613
19.190001	0.96991122
19.195	0.96931523
19.200001	0.96871841
19.205	0.96811789
19.209999	0.96752024
19.215	0.9669193
19.219999	0.96638209
19.225	0.96752942
19.23	0.96868414
19.235001	0.96983534
19.24	0.9709906
19.245001	0.97214824
19.25	0.97330368
19.254999	0.97446311
19.26	0.9756223
19.264999	0.97678244
19.27	0.97794265
19.275	0.97843444
19.280001	0.97869581
19.285	0.97895545
19.290001	0.97921509
19.295	0.97947443
19.299999	0.979734
19.305	0.97999328
19.309999	0.98025262
19.315001	0.98051256
19.32	0.98077178
19.325001	0.98105162
19.33	0.9813571
19.334999	0.98166239
19.34	0.98196739
19.344999	0.98227298
19.35	0.98257887
19.355	0.98288393
19.360001	0.98318964
19.365	0.98349434
19.370001	0.9837997
19.375	0.98422694
19.379999	0.98524171
19.385	0.98626089
19.389999	0.98728007
19.395	0.98830092
19.4	0.98932147
19.405001	0.99034345
19.41	0.99136555
19.415001	0.99239045
19.42	0.99341476
19.424999	0.99443984
19.43	0.99640512
19.434999	0.99849349
19.440001	1.0005841
19.445	1.0026788
19.450001	1.0047749
19.455	1.0068736
19.459999	1.0089741
19.465	1.0110757
19.469999	1.0131783
19.475	1.0152825
19.48	1.0150937
19.485001	1.013406
19.49	1.0117105
19.495001	1.0100127
19.5	1.0083128
19.504999	1.0066113
19.51	1.0049077
19.514999	1.0032008
19.52	1.0014917
19.525	0.99978149
19.530001	0.99919909
19.535	1.000918
19.540001	1.0026468
19.545	1.0043787
19.549999	1.006111
19.555	1.0078449
19.559999	1.0095809
19.565001	1.0113171
19.57	1.0130568
19.575001	1.0147969
19.58	1.0164504
19.584999	1.0166084
19.59	1.0167614
19.594999	1.016914
19.6	1.0170667
19.605	1.0172169
19.610001	1.0173696
19.615	1.0175207
19.620001	1.0176736
19.625	1.0178251
19.629999	1.0179787
19.635	1.0199268
19.639999	1.0223792
19.645	1.0248363
19.65	1.0272956
19.655001	1.0297577
19.66	1.0322218
19.665001	1.0346888
19.67	1.0371583
19.674999	1.0396295
19.68	1.0421015
19.684999	1.0433329
19.690001	1.0433923
19.695	1.0434473
19.700001	1.0435026
19.705	1.0435576
19.709999	1.0436114
19.715	1.0436645
19.719999	1.0437183
19.725	1.0437727
19.73	1.0438253
19.735001	1.043788
19.74	1.0434818
19.745001	1.0431737
19.75	1.0428638
19.754999	1.042555
19.76	1.0422441
19.764999	1.0419339
19.77	1.0416234
19.775	1.0413098
19.780001	1.0409983
19.785	1.040686
19.790001	1.0420991
19.795	1.0435393
19.799999	1.0449822
19.805	1.0464255
19.809999	1.0478705
19.815001	1.0493149
19.82	1.0507627
19.825001	1.0522115
19.83	1.0536612
19.834999	1.0551107
19.84	1.0560714
19.844999	1.0568488
19.85	1.0576252
19.855	1.0584023
19.860001	1.0591805
19.865	1.0599579
19.870001	1.0607359
19.875	1.061515
19.879999	1.0622947
19.885	1.063073
19.889999	1.0630358
19.895	1.0620834
19.9	1.0611254
19.905001	1.060166
19.91	1.0592058
19.915001	1.058244
19.92	1.0572797
19.924999	1.0563146
19.93	1.0553496
19.934999	1.0543809
19.940001	1.0536233
19.945	1.0536199
19.950001	1.0536177
19.955	1.0536141
19.959999	1.0536108
19.965	1.0536083
19.969999	1.0536023
19.975	1.0535979
19.98	1.0535924
19.985001	1.053587
19.99	1.0535889
19.995001	1.0561574
20	1.0588202
20.004999	1.0614883
20.01	1.0641587
20.014999	1.0668308
20.02	1.0695049
20.025	1.0721827
20.030001	1.0748628
20.035	1.077546
20.040001	1.0802244
20.045	1.0800017
20.049999	1.0786463
20.055	1.0772847
20.059999	1.0759215
20.065001	1.0745561
20.07	1.0731903
20.075001	1.071822
20.08	1.0704515
20.084999	1.069079
20.09	1.0677035
20.094999	1.0660733
20.1	1.0641649
20.105	1.0622529
20.110001	1.0603371
20.115	1.0584196
20.120001	1.0565004
20.125	1.0545779
20.129999	1.0526528
20.135	1.0507258
20.139999	1.048798
20.145	1.0473092
20.15	1.047241
20.155001	1.0471778
20.16	1.0471139
20.165001	1.0470501
20.17	1.046984
20.174999	1.0469208
20.18	1.0468546
20.184999	1.0467891
20.190001	1.0467227
20.195	1.0466598
20.200001	1.0477669
20.205	1.0488805
20.209999	1.0499946
20.215	1.0511101
20.219999	1.0522263
20.225	1.0533431
20.23	1.0544614
20.235001	1.0555799
20.24	1.0566995
20.245001	1.0578169
20.25	1.0578235
20.254999	1.0574816
20.26	1.057137
20.264999	1.056792
20.27	1.0564463
20.275	1.0560997
20.280001	1.0557526
20.285	1.0554043
20.290001	1.0550551
20.295	1.0547069
20.299999	1.0545621
20.305	1.0545975
20.309999	1.0546329
20.315001	1.0546677
20.32	1.054703
20.325001	1.0547374
20.33	1.0547717
20.334999	1.054806
20.34	1.0548396
20.344999	1.0548729
20.35	1.054974
20.355	1.0552316
20.360001	1.0554907
20.365	1.0557497
20.370001	1.0560073
20.375	1.0562656
20.379999	1.0565239
20.385	1.0567816
20.389999	1.0570399
20.395	1.0572984
20.4	1.0575551
20.405001	1.0578176
20.41	1.0580801
20.415001	1.0583422
20.42	1.0586028
20.424999	1.0588644
20.43	1.0591269
20.434999	1.0593873
20.440001	1.0596486
20.445	1.0599108
20.450001	1.0601664
20.455	1.0589298
20.459999	1.0574331
20.465	1.0559341
20.469999	1.0544327
20.475	1.0529282
20.48	1.0514234
20.485001	1.0499153
20.49	1.0484064
20.495001	1.0468957
20.5	1.0453839
20.504999	1.0444705
20.51	1.0439034
20.514999	1.0433375
20.52	1.0427698
20.525	1.0421999
20.530001	1.0416292
20.535	1.0410584
20.540001	1.0404871
20.545	1.0399145
20.549999	1.0393457
20.555	1.0401628
20.559999	1.0429006
20.565001	1.0456475
20.57	1.0483975
20.575001	1.0511497
20.58	1.0539047
20.584999	1.0566618
20.59	1.0594233
20.594999	1.0621865
20.6	1.0649475
20.605	1.0666834
20.610001	1.0645007
20.615	1.0623
20.620001	1.0600973
20.625	1.0578922
20.629999	1.0556837
20.635	1.0534753
20.639999	1.0512614
20.645	1.0490445
20.65	1.0468268
20.655001	1.0446162
20.66	1.0451093
20.665001	1.0456235
20.67	1.0461384
20.674999	1.0466537
20.68	1.0471696
20.684999	1.0476836
20.690001	1.0481993
20.695	1.0487149
20.700001	1.0492315
20.705	1.049744
20.709999	1.0493202
20.715	1.0486416
20.719999	1.0479606
20.725	1.047278
20.73	1.0465951
20.735001	1.0459118
20.74	1.0452271
20.745001	1.0445414
20.75	1.0438536
20.754999	1.043166
20.76	1.0427023
20.764999	1.0423979
20.77	1.0420938
20.775	1.0417887
20.780001	1.0414824
20.785	1.0411764
20.790001	1.0408698
20.795	1.0405617
20.799999	1.040253
20.805	1.0399412
20.809999	1.0392174
20.815001	1.0378351
20.82	1.036449
20.825001	1.0350611
20.83	1.0336727
20.834999	1.0322794
20.84	1.0308855
20.844999	1.0294907
20.85	1.0280926
20.855	1.0266933
20.860001	1.0253849
20.865	1.0244683
20.870001	1.0235512
20.875	1.0226332
20.879999	1.021713
20.885	1.0207924
20.889999	1.0198716
20.895	1.0189483
20.9	1.0180242
20.905001	1.0170981
20.91	1.016179
20.915001	1.0167204
20.92	1.0172777
20.924999	1.0178362
20.93	1.0183952
20.934999	1.0189533
20.940001	1.0195123
20.945	1.020072
20.950001	1.020631
20.955	1.0211906
20.959999	1.0217659
20.965	1.0251859
20.969999	1.0293224
20.975	1.0334662
20.98	1.0376133
20.985001	1.0417659
20.99	1.0459222
20.995001	1.0500827
21	1.0542455
21.004999	1.058414
21.01	1.0625581
21.014999	1.0613041
21.02	1.0566382
21.025	1.0519552
21.030001	1.0472662
21.035	1.042573
21.040001	1.0378746
21.045	1.033169
21.049999	1.0284585
21.055	1.0237447
21.059999	1.0190345
21.065001	1.0161222
21.07	1.015599
21.075001	1.0150841
21.08	1.0145699
21.084999	1.0140535
21.09	1.0135355
21.094999	1.0130183
21.1	1.012499
21.105	1.0119791
21.110001	1.0114565
21.115	1.0106436
21.120001	1.0089647
21.125	1.0072796
21.129999	1.0055912
21.135	1.0039015
21.139999	1.0022086
21.145	1.0005157
21.15	0.99882019
21.155001	0.99712205
21.16	0.99542373
21.165001	0.99395531
21.17	0.99537116
21.174999	0.99679923
21.18	0.99822861
21.184999	0.99965996
21.190001	1.0010927
21.195	1.0025247
21.200001	1.00396
21.205	1.0053961
21.209999	1.0068319
21.215	1.0082744
21.219999	1.0103968
21.225	1.0126022
21.23	1.0148128
21.235001	1.0170232
21.24	1.019238
21.245001	1.0214515
21.25	1.0236701
21.254999	1.0258894
21.26	1.0281101
21.264999	1.0303203
21.27	1.0301797
21.275	1.0291283
21.280001	1.0280725
21.285	1.0270162
21.290001	1.0259579
21.295	1.0248988
21.299999	1.0238379
21.305	1.0227757
21.309999	1.0217119
21.315001	1.0206553
21.32	1.0209898
21.325001	1.0224445
21.33	1.0239027
21.334999	1.0253624
21.34	1.026825
21.344999	1.0282876
21.35	1.0297518
21.355	1.0312173
21.360001	1.0326836
21.365	1.0265043
21.370001	1.0159496
21.375	1.0161619
21.379999	1.0163727
21.385	1.0165821
21.389999	1.0167893
21.395	1.0169977
21.4	1.0172049
21.405001	1.017409
21.41	1.0176134
21.415001	1.0178182
21.42	1.0178405
21.424999	1.0172553
21.43	1.016667
21.434999	1.0160773
21.440001	1.0154848
21.445	1.0148895
21.450001	1.0142941
21.455	1.0136969
21.459999	1.0130968
21.465	1.0124962
21.469999	1.0118916
21.475	1.0111114
21.48	1.0103275
21.485001	1.0095419
21.49	1.0087545
21.495001	1.0079644
21.5	1.0071732
21.504999	1.0063812
21.51	1.0055839
21.514999	1.0047866
21.52	1.0039874
21.525	1.0037709
21.530001	1.0036108
21.535	1.0034491
21.540001	1.0032883
21.545	1.0031266
21.549999	1.0029639
21.555	1.0028007
21.559999	1.0026366
21.565001	1.002472
21.57	1.002301
21.575001	1.0019398
21.58	1.0015202
21.584999	1.0010999
21.59	1.0006794
21.594999	1.0002574
21.6	0.99983305
21.605	0.9994083
21.610001	0.99898267
21.615	0.99855608
21.620001	0.99813521
21.625	0.99776286
21.629999	0.99741727
21.635	0.99706906
21.639999	0.99672079
21.645	0.99637169
21.65	0.99602133
21.655001	0.99567008
21.66	0.995318
21.665001	0.99496579
21.67	0.99460971
21.674999	0.9941774
21.68	0.99366224
21.684999	0.99314773
21.690001	0.99263287
21.695	0.99211544
21.700001	0.99159759
21.705	0.99107987
21.709999	0.99056101
21.715	0.99004203
21.719999	0.98933065
21.725	0.9880718
21.73	0.98646027
21.735001	0.98484302
21.74	0.98322159
21.745001	0.98159951
21.75	0.97997504
21.754999	0.97834921
21.76	0.97672153
21.764999	0.97509038
21.77	0.97345889
21.775	0.97212327
21.780001	0.9721086
21.785	0.9721024
21.790001	0.97209668
21.795	0.97208983
21.799999	0.97208172
21.805	0.97207558
21.809999	0.97206718
21.815001	0.9720608
21.82	0.97205114
21.825001	0.9720484
21.83	0.97216827
21.834999	0.97228652
21.84	0.97240651
21.844999	0.97252375
21.85	0.97264296
21.855	0.97276217
21.860001	0.97287971
21.865	0.97299808
21.870001	0.97311562
21.875	0.97323412
21.879999	0.97437382
21.885	0.97561592
21.889999	0.97685736
21.895	0.97810167
21.9	0.9793461
21.905001	0.98059398
21.91	0.98184043
21.915001	0.98308897
21.92	0.98433822
21.924999	0.98558772
21.93	0.98641402
21.934999	0.98712349
21.940001	0.98783296
21.945	0.98854232
21.950001	0.98925215
21.955	0.98996317
21.959999	0.99067396
21.965	0.99138558
21.969999	0.99209738
21.975	0.99281025
21.98	0.99092138
21.985001	0.98768353
21.99	0.98443311
21.995001	0.98117775
22	0.97791886
22.004999	0.97465581
22.01	0.97139078
22.014999	0.96812069
22.02	0.96484739
22.025	0.9615711
22.030001	0.96084827
22.035	0.96232611
22.040001	0.96381992
22.045	0.9653157
22.049999	0.96681291
22.055	0.96831232
22.059999	0.96981239
22.065001	0.97131276
22.07	0.97281587
22.075001	0.97432023
22.08	0.97427368
22.084999	0.97207403
22.09	0.9698571
22.094999	0.96763778
22.1	0.96541518
22.105	0.96318948
22.110001	0.96096259
22.115	0.95873219
22.120001	0.95649946
22.125	0.95426375
22.129999	0.95388281
22.135	0.95775729
22.139999	0.96166772
22.145	0.96558243
22.15	0.9695006
22.155001	0.97342342
22.16	0.97734976
22.165001	0.98127937
22.17	0.98521334
22.174999	0.98914903
22.18	0.99172765
22.184999	0.98857784
22.190001	0.98538357
22.195	0.98218191
22.200001	0.97897691
22.205	0.97576869
22.209999	0.97255784
22.215	0.96934295
22.219999	0.96612442
22.225	0.96290076
22.23	0.95982492
22.235001	0.95839906
22.24	0.95698702
22.245001	0.95557123
22.25	0.95415395
22.254999	0.95273578
22.26	0.95131737
22.264999	0.94989365
22.27	0.94846892
22.275	0.94704413
22.280001	0.94561696
22.285	0.94741303
22.290001	0.94930911
22.295	0.95120978
22.299999	0.95311081
22.305	0.95501429
22.309999	0.95691973
22.315001	0.95882696
22.32	0.96073347
22.325001	0.96264505
22.33	0.96455729
22.334999	0.96322209
22.34	0.96139681
22.344999	0.95956606
22.35	0.95773202
22.355	0.95589966
22.360001	0.9540624
22.365	0.95222318
22.370001	0.95037997
22.375	0.94853735
22.379999	0.94669127
22.385	0.94874948
22.389999	0.9519645
22.395	0.95519078
22.4	0.95842028
22.405001	0.96165478
22.41	0.96489215
22.415001	0.96813124
22.42	0.97137374
22.424999	0.9746204
22.43	0.97787058
22.434999	0.97898585
22.440001	0.97908592
22.445	0.97917771
22.450001	0.97926801
22.455	0.97935915
22.459999	0.97945142
22.465	0.97954249
22.469999	0.97963232
22.475	0.97972238
22.48	0.97981286
22.485001	0.97868431
22.49	0.97669595
22.495001	0.97469753
22.5	0.97269624
22.504999	0.97069246
22.51	0.96868646
22.514999	0.9666779
22.52	0.96466804
22.525	0.9626559
22.530001	0.96064091
22.535	0.96084207
22.540001	0.96326965
22.545	0.9657197
22.549999	0.96817273
22.555	0.97062957
22.559999	0.97308856
22.565001	0.97554874
22.57	0.97801149
22.575001	0.98047787
22.58	0.98294723
22.584999	0.98276645
22.59	0.9788447
22.594999	0.97488254
22.6	0.97091669
22.605	0.96694565
22.610001	0.96297038
22.615	0.95899087
22.620001	0.95500666
22.625	0.95101768
22.629999	0.94702643
22.635	0.94406575
22.639999	0.94317353
22.645	0.94230199
22.65	0.94142693
22.655001	0.9405517
22.66	0.93967593
22.665001	0.93879783
22.67	0.93791932
22.674999	0.93704051
22.68	0.93615985
22.684999	0.93629414
22.690001	0.9393906
22.695	0.94252205
22.700001	0.94565356
22.705	0.94879007
22.709999	0.9519282
22.715	0.9550699
22.719999	0.95821565
22.725	0.96136254
22.73	0.96451432
22.735001	0.9672966
22.74	0.96839654
22.745001	0.96948171
22.75	0.97056949
22.754999	0.97165543
22.76	0.97274351
22.764999	0.97383314
22.77	0.97492242
22.775	0.97601438
22.780001	0.97710651
22.785	0.9778626
22.790001	0.97591162
22.795	0.97393131
22.799999	0.97194707
22.805	0.96995842
22.809999	0.96797162
22.815001	0.96597797
22.82	0.96398669
22.825001	0.96198964
22.83	0.95999241
22.834999	0.95799047
22.84	0.95598537
22.844999	0.95398098
22.85	0.95196801
22.855	0.94995779
22.860001	0.9479447
22.865	0.94592863
22.870001	0.94390833
22.875	0.9418872
22.879999	0.93986601
22.885	0.93784076
22.889999	0.93877846
22.895	0.93981177
22.9	0.94085044
22.905001	0.94188982
22.91	0.94293058
22.915001	0.94397014
22.92	0.9450109
22.924999	0.94605374
22.93	0.94709778
22.934999	0.94814265
22.940001	0.94821268
22.945	0.94818491
22.950001	0.94815511
22.955	0.94812435
22.959999	0.94809341
22.965	0.94806331
22.969999	0.94803333
22.975	0.94800514
22.98	0.94797444
22.985001	0.94794416
22.99	0.9484213
22.995001	0.94898653
23	0.94955426
23.004999	0.95012349
23.01	0.95069164
23.014999	0.95126116
23.02	0.95182949
23.025	0.95239902
23.030001	0.95297021
23.035	0.95354038
23.040001	0.95451504
23.045	0.9555909
23.049999	0.95667106
23.055	0.95774972
23.059999	0.95883137
23.065001	0.9599129
23.07	0.96099412
23.075001	0.96207893
23.08	0.96316326
23.084999	0.96424955
23.09	0.96445006
23.094999	0.96435481
23.1	0.96425688
23.105	0.96415675
23.110001	0.96405727
23.115	0.96395749
23.120001	0.96385801
23.125	0.96375811
23.129999	0.96365917
23.135	0.96355933
23.139999	0.96645606
23.145	0.97061992
23.15	0.97480494
23.155001	0.97899377
23.16	0.98318756
23.165001	0.98738647
23.17	0.99158728
23.174999	0.99579221
23.18	1.0000021
23.184999	1.0042161
23.190001	1.0041012
23.195	1.001763
23.200001	0.99939328
23.205	0.99702209
23.209999	0.99464834
23.215	0.99227148
23.219999	0.98989165
23.225	0.98750973
23.23	0.98512584
23.235001	0.98272753
23.24	0.98086715
23.245001	0.97932756
23.25	0.97778499
23.254999	0.97623992
23.26	0.97469223
23.264999	0.97314364
23.27	0.97159362
23.275	0.97004151
23.280001	0.96848714
23.285	0.96693164
23.290001	0.96597993
23.295	0.96544999
23.299999	0.9649204
23.305	0.9643907
23.309999	0.96386069
23.315001	0.96333039
23.32	0.96279949
23.325001	0.96226692
23.33	0.96173525
23.334999	0.96120304
23.34	0.96288401
23.344999	0.96633333
23.35	0.96979386
23.355	0.9732585
23.360001	0.97672564
23.365	0.98019719
23.370001	0.98367137
23.375	0.987149
23.379999	0.99063087
23.385	0.99411404
23.389999	0.99601114
23.395	0.99648356
23.4	0.99695003
23.405001	0.99741679
23.41	0.99788249
23.415001	0.99835026
23.42	0.99881917
23.424999	0.99928743
23.43	0.99975628
23.434999	1.0002229
23.440001	0.99861389
23.445	0.99494541
23.450001	0.99126345
23.455	0.98757577
23.459999	0.98388529
23.465	0.98019338
23.469999	0.97649622
23.475	0.97279376
23.48	0.96908712
23.485001	0.96538049
23.49	0.96398872
23.495001	0.96510243
23.5	0.96622866
23.504999	0.96735662
23.51	0.9684853
23.514999	0.96961343
23.52	0.97074252
23.525	0.97187471
23.530001	0.97300804
23.535	0.97414201
23.540001	0.97540492
23.545	0.97681856
23.549999	0.97823334
23.555	0.9796502
23.559999	0.98106897
23.565001	0.98248833
23.57	0.98390859
23.575001	0.9853304
23.58	0.98675442
23.584999	0.98817766
23.59	0.98912525
23.594999	0.9894827
23.6	0.98983634
23.605	0.99019283
23.610001	0.99054778
23.615	0.99090302
23.620001	0.99126035
23.625	0.99161571
23.629999	0.99197179
23.635	0.99232954
23.639999	0.99303603
23.645	0.99419504
23.65	0.9953571
23.655001	0.99652034
23.66	0.99768466
23.665001	0.99884808
23.67	1.0000137
23.674999	1.0011823
23.68	1.0023515
23.684999	1.0035194
23.690001	1.0043067
23.695	1.0045859
23.700001	1.0048616
23.705	1.005136
23.709999	1.0054123
23.715	1.0056888
23.719999	1.0059648
23.725	1.0062423
23.73	1.0065196
23.735001	1.0067971
23.74	1.0077918
23.745001	1.009757
23.75	1.0117278
23.754999	1.0137019
23.76	1.0156771
23.764999	1.0176545
23.77	1.0196326
23.775	1.021614
23.780001	1.0235981
23.785	1.025578
23.790001	1.02545
23.795	1.0224622
23.799999	1.0194584
23.805	1.0164512
23.809999	1.013441
23.815001	1.0104277
23.82	1.0074112
23.825001	1.0043899
23.83	1.0013677
23.834999	0.9983452
23.84	0.99749243
23.844999	0.99954343
23.85	1.0016065
23.855	1.003673
23.860001	1.0057418
23.865	1.007812
23.870001	1.0098847
23.875	1.0119609
23.879999	1.0140378
23.885	1.0161148
23.889999	1.0166918
23.895	1.0153182
23.9	1.0139344
23.905001	1.0125501
23.91	1.0111648
23.915001	1.0097765
23.92	1.0083879
23.924999	1.0069979
23.93	1.0056045
23.934999	1.0042144
23.940001	1.0041064
23.945	1.0055969
23.950001	1.0070957
23.955	1.0085951
23.959999	1.0100968
23.965	1.0116005
23.969999	1.0131052
23.975	1.0146121
23.98	1.0161198
23.985001	1.017628
23.99	1.018659
23.995001	1.0191299
24	1.0195978
24.004999	1.0200654
24.01	1.0205343
24.014999	1.0210036
24.02	1.0214731
24.025	1.0219423
24.030001	1.0224137
24.035	1.0228852
24.040001	1.022644
24.045	1.0216208
24.049999	1.020594
24.055	1.0195673
24.059999	1.0185399
24.065001	1.0175105
24.07	1.0164785
24.075001	1.0154471
24.08	1.0144154
24.084999	1.013377
24.09	1.0107571
24.094999	1.0065461
24.1	1.002324
24.105	0.99809706
24.110001	0.99386436
24.115	0.9896282
24.120001	0.98538929
24.125	0.98114467
24.129999	0.97689408
24.135	0.97265285
24.139999	0.97318852
24.145	0.97807962
24.15	0.98299438
24.155001	0.98791349
24.16	0.99283755
24.165001	0.99776649
24.17	1.0026997
24.174999	1.0076373
24.18	1.0125809
24.184999	1.0175228
24.190001	1.0198439
24.195	1.0200356
24.200001	1.0202193
24.205	1.0204036
24.209999	1.020587
24.215	1.0207709
24.219999	1.0209554
24.225	1.0211402
24.23	1.0213244
24.235001	1.0215067
24.24	1.0213487
24.245001	1.0209507
24.25	1.0205523
24.254999	1.0201522
24.26	1.0197521
24.264999	1.0193509
24.27	1.0189488
24.275	1.0185462
24.280001	1.0181429
24.285	1.017742
24.290001	1.0181377
24.295	1.0190201
24.299999	1.019904
24.305	1.0207893
24.309999	1.0216774
24.315001	1.0225636
24.32	1.0234517
24.325001	1.0243406
24.33	1.0252298
24.334999	1.026125
24.34	1.0279906
24.344999	1.0303562
24.35	1.0327271
24.355	1.0351013
24.360001	1.0374771
24.365	1.039854
24.370001	1.0422348
24.375	1.0446186
24.379999	1.0470039
24.385	1.0493886
24.389999	1.0508077
24.395	1.0518198
24.4	1.0528314
24.405001	1.0538411
24.41	1.0548545
24.415001	1.0558696
24.42	1.0568836
24.424999	1.0579
24.43	1.0589161
24.434999	1.0599254
24.440001	1.0579785
24.445	1.0550458
24.450001	1.0521073
24.455	1.0491623
24.459999	1.0462179
24.465	1.0432703
24.469999	1.0403183
24.475	1.0373633
24.48	1.0344063
24.485001	1.0314507
24.49	1.0306131
24.495001	1.0303012
24.5	1.0299917
24.504999	1.0296825
24.51	1.0293709
24.514999	1.0290596
24.52	1.0287493
24.525	1.0284361
24.530001	1.0281237
24.535	1.0278201
24.540001	1.0298473
24.545	1.0322719
24.549999	1.0346994
24.555	1.0371264
24.559999	1.0395584
24.565001	1.0419933
24.57	1.0444305
24.575001	1.0468701
24.58	1.0493132
24.584999	1.0517346
24.59	1.0488873
24.594999	1.0455332
24.6	1.0421704
24.605	1.0388066
24.610001	1.0354395
24.615	1.0320681
24.620001	1.0286945
24.625	1.0253154
24.629999	1.0219355
24.635	1.018569
24.639999	1.0199767
24.645	1.0215074
24.65	1.0230393
24.655001	1.0245759
24.66	1.0261153
24.665001	1.0276502
24.67	1.0291903
24.674999	1.0307318
24.68	1.0322746
24.684999	1.0336436
24.690001	1.0316042
24.695	1.0295447
24.700001	1.0274827
24.705	1.0254233
24.709999	1.0233592
24.715	1.0212915
24.719999	1.019225
24.725	1.0171542
24.73	1.0150822
24.735001	1.0133671
24.74	1.0143391
24.745001	1.0153233
24.75	1.016308
24.754999	1.0172924
24.76	1.0182799
24.764999	1.0192683
24.77	1.0202563
24.775	1.0212445
24.780001	1.0222369
24.785	1.0235903
24.790001	1.0264667
24.795	1.0293541
24.799999	1.032244
24.805	1.0351355
24.809999	1.0380319
24.815001	1.040929
24.82	1.0438302
24.825001	1.0467331
24.83	1.0496346
24.834999	1.0511776
24.84	1.0489954
24.844999	1.0467939
24.85	1.0445912
24.855	1.0423877
24.860001	1.0401787
24.865	1.0379691
24.870001	1.035758
24.875	1.0335431
24.879999	1.0313344
24.885	1.0307236
24.889999	1.0331104
24.895	1.0355139
24.9	1.0379195
24.905001	1.0403261
24.91	1.0427352
24.915001	1.0451466
24.92	1.0475608
24.924999	1.0499777
24.93	1.0523922
24.934999	1.0536991
24.940001	1.0535479
24.945	1.0533892
24.950001	1.0532299
24.955	1.0530727
24.959999	1.0529143
24.965	1.0527562
24.969999	1.0525975
24.975	1.0524389
24.98	1.0522699
24.985001	1.0498611
24.99	1.0453854
24.995001	1.0408947
25	1.0364002
25.004999	1.0319024
25.01	1.0273981
25.014999	1.0228897
25.02	1.0183784
25.025	1.0138608
25.030001	1.0093635
25.035	1.0100802
25.040001	1.0141075
25.045	1.0181535
25.049999	1.022203
25.055	1.0262547
25.059999	1.0303108
25.065001	1.0343724
25.07	1.0384394
25.075001	1.0425099
25.08	1.046558
25.084999	1.0457726
25.09	1.0429866
25.094999	1.0401887
25.1	1.0373865
25.105	1.0345825
25.110001	1.031777
25.115	1.0289682
25.120001	1.0261564
25.125	1.0233413
25.129999	1.0205365
25.135	1.0206001
25.139999	1.0213536
25.145	1.0221106
25.15	1.0228686
25.155001	1.0236242
25.16	1.0243843
25.165001	1.0251415
25.17	1.0259012
25.174999	1.0266635
25.18	1.0274088
25.184999	1.0254825
25.190001	1.0232798
25.195	1.0210791
25.200001	1.0188735
25.205	1.0166667
25.209999	1.0144618
25.215	1.0122507
25.219999	1.0100369
25.225	1.0078222
25.23	1.0056503
25.235001	1.0052433
25.24	1.0048434
25.245001	1.0044408
25.25	1.0040389
25.254999	1.0036347
25.26	1.0032333
25.264999	1.0028292
25.27	1.0024228
25.275	1.0020218
25.280001	1.001806
25.285	1.0027725
25.290001	1.0037481
25.295	1.0047215
25.299999	1.0056964
25.305	1.0066754
25.309999	1.0076518
25.315001	1.0086287
25.32	1.0096085
25.325001	1.0105931
25.33	1.0123515
25.334999	1.0164177
25.34	1.0204979
25.344999	1.0245837
25.35	1.0286736
25.355	1.0327657
25.360001	1.0368619
25.365	1.0409627
25.370001	1.0450686
25.375	1.04916
25.379999	1.0500927
25.385	1.0456192
25.389999	1.041119
25.395	1.0366143
25.4	1.0321054
25.405001	1.0275902
25.41	1.0230721
25.415001	1.0185493
25.42	1.0140214
25.424999	1.0095224
25.43	1.0102623
25.434999	1.0164417
25.440001	1.0226481
25.445	1.0288619
25.450001	1.0350814
25.455	1.0413077
25.459999	1.0475423
25.465	1.0537806
25.469999	1.0600249
25.475	1.0662408
25.48	1.0668845
25.485001	1.0640606
25.49	1.0612214
25.495001	1.0583777
25.5	1.0555317
25.504999	1.052685
25.51	1.0498323
25.514999	1.0469773
25.52	1.0441214
25.525	1.0412551
25.530001	1.0374928
25.535	1.033421
25.540001	1.0293465
25.545	1.0252703
25.549999	1.0211861
25.555	1.0171001
25.559999	1.0130087
25.565001	1.008913
25.57	1.004811
25.575001	1.0007322
25.58	1.0000677
25.584999	0.99986678
25.59	0.99966973
25.594999	0.99947029
25.6	0.99927056
25.605	0.99907064
25.610001	0.99886787
25.615	0.99866885
25.620001	0.99846995
25.625	0.99821502
25.629999	0.9960537
25.635	0.99388474
25.639999	0.99171287
25.645	0.98953766
25.65	0.9873603
25.655001	0.98518109
25.66	0.98300117
25.665001	0.9808194
25.67	0.97863853
25.674999	0.97774231
25.68	0.98312634
25.684999	0.98854524
25.690001	0.99396771
25.695	0.99939418
25.700001	1.0048269
25.705	1.0102648
25.709999	1.0157098
