0.2	7.0697174
0.25400001	3.4300604
0.308	1.824156
0.36199999	1.1649286
0.41600001	0.94795507
0.47	1.0276487
0.52399999	1.302029
0.57800001	1.1560938
0.63200003	0.73278469
0.68599999	0.39587244
0.74000001	0.19914673
0.79400003	0.10140549
0.84799999	0.055501409
0.90200001	0.038992621
0.95599997	0.052576769
1.01	0.096679747
1.064	0.15847863
1.118	0.24228065
1.1720001	0.35670882
1.226	0.50044733
1.28	0.67073166
1.334	0.85242432
1.388	1.042083
1.442	1.2333432
1.4960001	1.4508128
1.55	1.7184778
1.604	1.7411777
1.658	1.6530048
1.712	1.6344507
1.766	1.6307414
1.8200001	1.5508397
1.874	1.4604305
1.928	1.2952691
1.982	1.1232322
2.036	0.99968576
2.0899999	0.86151725
2.1440001	0.75600708
2.198	0.66350895
2.2520001	0.58626896
2.306	0.5397526
2.3599999	0.48611915
2.414	0.43890923
2.4679999	0.4051137
2.5220001	0.38256004
2.576	0.36147842
2.6300001	0.34113121
2.684	0.3112424
2.7379999	0.29915321
2.7920001	0.31349272
2.846	0.34769088
2.9000001	0.3899734
2.954	0.43563923
3.0079999	0.51393276
3.062	0.55111623
3.1159999	0.55697352
3.1700001	0.57761425
3.224	0.598028
3.2780001	0.62080884
3.332	0.63724524
3.3859999	0.6495167
3.4400001	0.64917433
3.494	0.65342343
3.5480001	0.68229812
3.602	0.7069245
3.6559999	0.71344692
3.71	0.72243297
3.7639999	0.75271648
3.8180001	0.78045434
3.872	0.79811597
3.9260001	0.82083064
3.98	0.85677981
4.0339999	0.90544093
4.0879998	0.9592281
4.1420002	1.0278645
4.1960001	1.0962355
4.25	1.1483217
4.3039999	1.2085577
4.3579998	1.2698551
4.4120002	1.3023839
4.4660001	1.3411468
4.52	1.3786721
4.5739999	1.3871212
4.6279998	1.3878366
4.6820002	1.4045177
4.7360001	1.4261582
4.79	1.4540606
4.8439999	1.4915396
4.8979998	1.5242523
4.9520001	1.5720536
5.006	1.6268317
5.0599999	1.664089
5.1139998	1.6898787
5.1680002	1.6951592
5.2220001	1.6410944
5.276	1.5575526
5.3299999	1.4570026
5.3839998	1.3402543
5.4380002	1.2180965
5.4920001	1.0917323
5.546	0.99714869
5.5999999	0.92314607
5.6539998	0.85949999
5.7080002	0.81783122
5.7620001	0.7884258
5.816	0.76411361
5.8699999	0.75510764
5.9239998	0.7476477
5.9780002	0.74589646
6.0320001	0.76186073
6.086	0.77884793
6.1399999	0.78246516
6.1939998	0.78948003
6.2480001	0.8091768
6.302	0.83285379
6.3559999	0.84511983
6.4099998	0.84920174
6.4640002	0.85578156
6.5180001	0.86100018
6.572	0.86717433
6.6259999	0.85421705
6.6799998	0.84484094
6.7340002	0.8274703
6.7880001	0.80817938
6.842	0.78807837
6.8959999	0.77588671
6.9499998	0.75055623
7.0040002	0.72654778
7.0580001	0.70731008
7.112	0.68885052
7.1659999	0.67670375
7.2199998	0.6787585
7.2740002	0.67613357
7.3280001	0.6803112
7.382	0.7022146
7.4359999	0.73699844
7.4899998	0.78076071
7.5440001	0.8079676
7.598	0.85542327
7.652	0.90688062
7.7059999	0.95776862
7.7600002	1.0102437
7.8140001	1.0621004
7.868	1.1010334
7.9219999	1.1478369
7.9759998	1.1795745
8.0299997	1.1935564
8.0839996	1.2094052
8.1379995	1.2184736
8.1920004	1.2324553
8.2460003	1.2277526
8.3000002	1.2286617
8.3540001	1.2357397
8.408	1.2292788
8.4619999	1.2388005
8.5159998	1.2409577
8.5699997	1.2448293
8.6239996	1.257321
8.6780005	1.2439141
8.7320004	1.2425276
8.7860003	1.222971
8.8400002	1.2118254
8.8940001	1.2186937
8.948	1.2084464
9.0019999	1.1858695
9.0559998	1.1769426
9.1099997	1.1420197
9.1639996	1.1243685
9.2180004	1.1014546
9.2720003	1.0918567
9.3260002	1.0505255
9.3800001	1.0268439
9.434	1.0167879
9.4879999	0.97286493
9.5419998	0.95774788
9.5959997	0.92271155
9.6499996	0.9201051
9.7040005	0.92027789
9.7580004	0.90126455
9.8120003	0.89067715
9.8660002	0.89431345
9.9200001	0.89381307
9.974	0.89367688
10.028	0.89159811
10.082	0.91118443
10.136	0.9126929
10.19	0.92214274
10.244	0.89923328
10.298	0.91252291
10.352	0.90397024
10.406	0.91820443
10.46	0.90229684
10.514	0.90972346
10.568	0.90253687
10.622	0.89213437
10.676	0.8920086
10.73	0.88053662
10.784	0.88721228
10.838	0.87164855
10.892	0.86262345
10.946	0.86622864
11	0.87694925
11.054	0.87965637
11.108	0.84959453
11.162	0.85262847
11.216	0.84454387
11.27	0.85603124
11.324	0.87267244
11.378	0.87091452
11.432	0.85883868
11.486	0.86996549
11.54	0.88213629
11.594	0.88900888
11.648	0.9057678
11.702	0.92663914
11.756	0.95017272
11.81	0.96441573
11.864	0.99311107
11.918	1.042367
11.972	1.0828656
12.026	1.095347
12.08	1.1145588
12.134	1.1508735
12.188	1.1959181
12.242	1.208712
12.296	1.210279
12.35	1.2219988
12.404	1.2459944
12.458	1.273537
12.512	1.2823138
12.566	1.2584704
12.62	1.2632548
12.674	1.2461137
12.728	1.2391226
12.782	1.2132466
12.836	1.19541
12.89	1.1840416
12.944	1.1616011
12.998	1.1465516
13.052	1.0986542
13.106	1.1137344
13.16	1.0691774
13.214	1.0538517
13.268	1.0058268
13.322	1.0475321
13.376	1.0009986
13.43	0.9579469
13.484	0.95427263
13.538	0.95092219
13.592	0.90376943
13.646	0.93097514
13.7	0.91350448
13.754	0.90911138
13.808	0.89970875
13.862	0.85865855
13.916	0.87073827
13.97	0.8745926
14.024	0.87614733
14.078	0.88255155
14.132	0.8985908
14.186	0.86460924
14.24	0.86714625
14.294	0.87658048
14.348	0.89456409
14.402	0.90222096
14.456	0.89386648
14.51	0.90560472
14.564	0.92323375
14.618	0.90735894
14.672	0.91999054
14.726	0.93588638
14.78	0.94253445
14.834	0.92507911
14.888	0.94047487
14.942	0.96141183
14.996	0.94941139
15.05	0.96799994
15.104	0.97794467
15.158	0.97655928
15.212	0.99643153
15.266	0.96030867
15.32	0.99452573
15.374	1.0041057
15.428	0.98138618
15.482	1.0262491
15.536	1.0133595
15.59	1.0018982
15.644	0.99087042
15.698	1.0103302
15.752	0.98875594
15.806	1.0161591
15.86	0.99672312
15.914	0.99834371
15.968	1.0149163
16.021999	1.0265008
16.076	1.0369833
16.129999	1.0513265
16.184	1.0811427
16.238001	1.0865414
16.292	1.0530951
16.346001	1.069222
16.4	1.0821006
16.454	1.1193118
16.507999	1.1290169
16.562	1.1180274
16.615999	1.1453437
16.67	1.1822979
16.724001	1.1540965
16.778	1.1617873
16.832001	1.18569
16.886	1.1073581
16.940001	1.1505898
16.993999	1.1273949
17.048	1.1305443
17.101999	1.1289095
17.156	1.1464553
17.209999	1.0722018
17.264	1.0354648
17.318001	1.0210096
17.372	1.0682963
17.426001	1.0645995
17.48	1.0599291
17.534	1.0386322
17.587999	1.00389
17.642	0.96238631
17.695999	0.94095004
17.75	0.92782468
17.804001	0.91615945
17.858	0.92531979
17.912001	0.89284188
17.966	0.87969863
18.02	0.89331907
18.073999	0.87751973
18.128	0.86867583
18.181999	0.89031398
18.236	0.8873328
18.290001	0.88450497
18.344	0.89582765
18.398001	0.88152599
18.452	0.85600078
18.506001	0.87527728
18.559999	0.88231355
18.614	0.91141975
18.667999	0.91711777
18.722	0.91918683
18.775999	0.920982
18.83	0.92811543
18.884001	0.93073046
18.938	0.92030299
18.992001	0.91686171
19.046	0.93979281
19.1	0.96567678
19.153999	0.96423846
19.208	0.96489763
19.261999	0.96757019
19.316	1.0124283
19.370001	0.9976449
19.424	0.97103494
19.478001	0.98495615
19.532	1.0178177
19.586	1.0201904
19.639999	1.0216107
19.694	1.0309271
19.747999	1.0637628
19.802	1.0484178
19.856001	1.0474387
19.91	1.0541353
19.964001	1.055473
20.018	1.0912274
20.072001	1.0846994
20.125999	1.0648267
20.18	1.1033283
20.233999	1.06638
20.288	1.0498904
20.341999	1.0345124
20.396	1.0647753
20.450001	1.0338929
20.504	1.0751789
20.558001	1.0622592
20.612	1.0449194
20.666	1.0481414
20.719999	1.0704274
20.774	1.0636801
20.827999	1.0485274
20.882	1.0474188
20.936001	1.0471469
20.99	1.0240802
21.044001	1.0372754
21.098	1.0324382
21.152	0.99315053
21.205999	1.0235898
21.26	1.0414848
21.313999	0.98328638
21.368	0.97443759
21.422001	1.0118176
21.476	0.99682522
21.530001	0.97438657
21.584	0.97845358
21.638	0.97320336
21.691999	0.9749977
21.746	0.9834137
21.799999	0.96150297
21.854	0.95761329
21.908001	0.95275521
21.962	0.93527496
22.016001	0.90532398
22.07	0.93612027
22.124001	0.94320351
22.177999	0.89224315
22.232	0.97954202
22.285999	0.91778034
22.34	0.93939364
22.393999	0.9404096
22.448	0.95962894
22.502001	0.92445868
22.556	0.90490419
22.610001	0.96530342
22.664	0.97256273
22.718	0.95454961
22.771999	0.93072474
22.826	0.97256905
22.879999	0.90493774
22.934	1.0173551
22.988001	0.9526909
23.042	0.96436578
23.096001	0.9383989
23.15	0.94965553
23.204	0.96025872
23.257999	0.96401864
23.312	0.97896618
23.365999	1.0145509
23.42	1.0468044
23.474001	1.013863
23.528	0.98900199
23.582001	1.0016586
23.636	1.0172099
23.690001	1.0049577
23.743999	1.0402752
23.798	1.0132443
23.851999	0.97929275
23.906	1.0181832
23.959999	1.0039809
24.014	1.042403
24.068001	1.0277419
24.122	1.0284079
24.176001	1.071288
24.23	1.0487674
24.284	1.0011991
24.337999	1.0076375
24.392	0.99876469
24.445999	1.0073696
24.5	1.0125731
24.554001	1.0720911
24.608	1.1056479
24.662001	1.0395591
24.716	0.99621809
24.77	0.95464438
24.823999	0.973571
24.878	1.0395768
24.931999	0.97874725
24.986	1.0426348
25.040001	0.97259396
25.094	1.0196803
25.148001	1.0155407
25.202	1.0195547
25.256001	0.9818415
25.309999	0.96032017
25.364	0.99475098
25.417999	0.98982835
25.472	0.95503038
25.525999	0.98359829
25.58	0.99127638
25.634001	1.058462
